speed,length,time
35,1.00,09/01/2025 08:50:16 PM
25,1.00,09/01/2025 08:40:01 PM
-1,1.00,09/01/2025 08:30:48 PM
-1,1.00,09/01/2025 08:20:33 PM
19,1.00,09/01/2025 08:10:15 PM
33,1.00,09/01/2025 08:01:04 PM
-1,1.00,09/01/2025 07:50:16 PM
18,1.00,09/01/2025 07:40:01 PM
41,1.00,09/01/2025 07:30:48 PM
31,1.00,09/01/2025 07:20:34 PM
0,1.00,09/01/2025 07:10:15 PM
39,1.00,09/01/2025 07:01:04 PM
41,1.00,09/01/2025 06:50:16 PM
29,1.00,09/01/2025 06:40:01 PM
35,1.00,09/01/2025 06:30:48 PM
-1,1.00,09/01/2025 06:20:34 PM
19,1.00,09/01/2025 06:10:15 PM
41,1.00,09/01/2025 06:01:04 PM
31,1.00,09/01/2025 05:50:16 PM
41,1.00,09/01/2025 05:40:02 PM
32,1.00,09/01/2025 05:30:49 PM
17,1.00,09/01/2025 05:20:34 PM
39,1.00,09/01/2025 05:10:15 PM
-1,1.00,09/01/2025 05:01:04 PM
20,1.00,09/01/2025 04:50:16 PM
41,1.00,09/01/2025 04:40:02 PM
35,1.00,09/01/2025 04:30:49 PM
41,1.00,09/01/2025 04:20:33 PM
-1,1.00,09/01/2025 04:10:16 PM
36,1.00,09/01/2025 04:01:04 PM
17,1.00,09/01/2025 03:50:16 PM
41,1.00,09/01/2025 03:40:02 PM
41,1.00,09/01/2025 03:30:49 PM
34,1.00,09/01/2025 03:20:33 PM
-1,1.00,09/01/2025 03:10:15 PM
17,1.00,09/01/2025 03:01:04 PM
31,1.00,09/01/2025 02:50:16 PM
-1,1.00,09/01/2025 02:40:02 PM
38,1.00,09/01/2025 02:30:49 PM
38,1.00,09/01/2025 02:20:33 PM
18,1.00,09/01/2025 02:10:16 PM
41,1.00,09/01/2025 02:01:04 PM
41,1.00,09/01/2025 01:50:16 PM
37,1.00,09/01/2025 01:40:02 PM
33,1.00,09/01/2025 01:30:49 PM
33,1.00,09/01/2025 01:20:34 PM
41,1.00,09/01/2025 01:10:16 PM
31,1.00,09/01/2025 01:01:04 PM
35,1.00,09/01/2025 12:50:16 PM
38,1.00,09/01/2025 12:40:02 PM
38,1.00,09/01/2025 12:30:50 PM
0,1.00,09/01/2025 12:20:34 PM
-1,1.00,09/01/2025 12:10:16 PM
23,1.00,09/01/2025 12:01:03 PM
35,1.00,09/01/2025 11:50:16 AM
24,1.00,09/01/2025 11:40:02 AM
33,1.00,09/01/2025 11:30:49 AM
31,1.00,09/01/2025 11:20:34 AM
41,1.00,09/01/2025 11:10:16 AM
33,1.00,09/01/2025 11:01:03 AM
37,1.00,09/01/2025 10:50:15 AM
-1,1.00,09/01/2025 10:40:02 AM
36,1.00,09/01/2025 10:30:49 AM
34,1.00,09/01/2025 10:20:34 AM
38,1.00,09/01/2025 10:10:16 AM
31,1.00,09/01/2025 10:01:03 AM
41,1.00,09/01/2025 09:50:15 AM
16,1.00,09/01/2025 09:40:02 AM
28,1.00,09/01/2025 09:30:48 AM
41,1.00,09/01/2025 09:20:34 AM
-1,1.00,09/01/2025 09:10:16 AM
-1,1.00,09/01/2025 09:01:03 AM
-1,1.00,09/01/2025 08:50:15 AM
11,1.00,09/01/2025 08:40:01 AM
36,1.00,09/01/2025 08:30:48 AM
16,1.00,09/01/2025 08:20:34 AM
31,1.00,09/01/2025 08:10:15 AM
28,1.00,09/01/2025 08:01:04 AM
16,1.00,09/01/2025 07:50:15 AM
37,1.00,09/01/2025 07:40:01 AM
41,1.00,09/01/2025 07:30:48 AM
-1,1.00,09/01/2025 07:20:33 AM
31,1.00,09/01/2025 07:10:15 AM
-1,1.00,09/01/2025 07:01:03 AM
20,1.00,09/01/2025 06:50:14 AM
29,1.00,09/01/2025 06:40:01 AM
32,1.00,09/01/2025 06:30:48 AM
-1,1.00,09/01/2025 06:20:33 AM
31,1.00,09/01/2025 06:10:15 AM
-1,1.00,09/01/2025 06:01:03 AM
33,1.00,09/01/2025 05:50:15 AM
-1,1.00,09/01/2025 05:40:00 AM
-1,1.00,09/01/2025 05:30:47 AM
14,1.00,09/01/2025 05:20:33 AM
27,1.00,09/01/2025 05:10:14 AM
30,1.00,09/01/2025 05:01:03 AM
-1,1.00,09/01/2025 04:50:15 AM
-1,1.00,09/01/2025 04:40:00 AM
28,1.00,09/01/2025 04:30:47 AM
29,1.00,09/01/2025 04:20:32 AM
-1,1.00,09/01/2025 04:10:14 AM
21,1.00,09/01/2025 04:01:03 AM
41,1.00,09/01/2025 03:50:15 AM
-1,1.00,09/01/2025 03:40:00 AM
41,1.00,09/01/2025 03:30:48 AM
-1,1.00,09/01/2025 03:20:32 AM
-1,1.00,09/01/2025 03:10:14 AM
34,1.00,09/01/2025 03:01:02 AM
-1,1.00,09/01/2025 02:50:15 AM
-1,1.00,09/01/2025 02:40:01 AM
37,1.00,09/01/2025 02:30:48 AM
-1,1.00,09/01/2025 02:20:32 AM
27,1.00,09/01/2025 02:10:14 AM
32,1.00,09/01/2025 02:01:02 AM
-1,1.00,09/01/2025 01:50:15 AM
32,1.00,09/01/2025 01:40:01 AM
-1,1.00,09/01/2025 01:30:48 AM
41,1.00,09/01/2025 01:20:33 AM
-1,1.00,09/01/2025 01:10:15 AM
39,1.00,09/01/2025 01:01:02 AM
-1,1.00,09/01/2025 12:50:15 AM
17,1.00,09/01/2025 12:40:01 AM
34,1.00,09/01/2025 12:30:48 AM
29,1.00,09/01/2025 12:20:33 AM
-1,1.00,09/01/2025 12:10:15 AM
40,1.00,09/01/2025 12:01:03 AM
38,1.00,08/31/2025 11:50:15 PM
29,1.00,08/31/2025 11:40:01 PM
33,1.00,08/31/2025 11:30:48 PM
36,1.00,08/31/2025 11:20:33 PM
33,1.00,08/31/2025 11:10:15 PM
33,1.00,08/31/2025 11:01:04 PM
-1,1.00,08/31/2025 10:50:15 PM
41,1.00,08/31/2025 10:40:01 PM
37,1.00,08/31/2025 10:30:48 PM
-1,1.00,08/31/2025 10:20:34 PM
15,1.00,08/31/2025 10:10:15 PM
37,1.00,08/31/2025 10:01:04 PM
38,1.00,08/31/2025 09:50:15 PM
39,1.00,08/31/2025 09:40:01 PM
31,1.00,08/31/2025 09:30:48 PM
41,1.00,08/31/2025 09:20:33 PM
40,1.00,08/31/2025 09:10:15 PM
-1,1.00,08/31/2025 09:01:04 PM
29,1.00,08/31/2025 08:50:15 PM
-1,1.00,08/31/2025 08:40:01 PM
-1,1.00,08/31/2025 08:30:48 PM
35,1.00,08/31/2025 08:20:34 PM
29,1.00,08/31/2025 08:10:15 PM
-1,1.00,08/31/2025 08:01:04 PM
40,1.00,08/31/2025 07:50:16 PM
31,1.00,08/31/2025 07:40:01 PM
35,1.00,08/31/2025 07:30:48 PM
-1,1.00,08/31/2025 07:20:34 PM
31,1.00,08/31/2025 07:10:15 PM
38,1.00,08/31/2025 07:01:04 PM
18,1.00,08/31/2025 06:50:16 PM
41,1.00,08/31/2025 06:40:02 PM
34,1.00,08/31/2025 06:30:50 PM
28,1.00,08/31/2025 06:20:33 PM
36,1.00,08/31/2025 06:10:15 PM
35,1.00,08/31/2025 06:01:04 PM
41,1.00,08/31/2025 05:50:16 PM
40,1.00,08/31/2025 05:40:02 PM
33,1.00,08/31/2025 05:30:49 PM
31,1.00,08/31/2025 05:20:34 PM
38,1.00,08/31/2025 05:10:15 PM
34,1.00,08/31/2025 05:01:04 PM
33,1.00,08/31/2025 04:50:16 PM
27,1.00,08/31/2025 04:40:03 PM
37,1.00,08/31/2025 04:30:49 PM
34,1.00,08/31/2025 04:20:33 PM
30,1.00,08/31/2025 04:10:15 PM
40,1.00,08/31/2025 04:01:04 PM
-1,1.00,08/31/2025 03:50:16 PM
41,1.00,08/31/2025 03:40:02 PM
40,1.00,08/31/2025 03:30:49 PM
33,1.00,08/31/2025 03:20:34 PM
-1,1.00,08/31/2025 03:10:15 PM
16,1.00,08/31/2025 03:01:04 PM
33,1.00,08/31/2025 02:50:16 PM
36,1.00,08/31/2025 02:40:02 PM
36,1.00,08/31/2025 02:30:49 PM
38,1.00,08/31/2025 02:20:34 PM
-1,1.00,08/31/2025 02:10:16 PM
-1,1.00,08/31/2025 02:01:03 PM
40,1.00,08/31/2025 01:50:16 PM
38,1.00,08/31/2025 01:40:02 PM
31,1.00,08/31/2025 01:30:49 PM
41,1.00,08/31/2025 01:20:34 PM
32,1.00,08/31/2025 01:10:16 PM
18,1.00,08/31/2025 01:01:03 PM
39,1.00,08/31/2025 12:50:16 PM
-1,1.00,08/31/2025 12:40:02 PM
-1,1.00,08/31/2025 12:30:49 PM
18,1.00,08/31/2025 12:20:34 PM
39,1.00,08/31/2025 12:10:16 PM
-1,1.00,08/31/2025 12:01:03 PM
20,1.00,08/31/2025 11:50:15 AM
37,1.00,08/31/2025 11:40:02 AM
33,1.00,08/31/2025 11:30:49 AM
-1,1.00,08/31/2025 11:20:34 AM
-1,1.00,08/31/2025 11:10:16 AM
31,1.00,08/31/2025 11:01:03 AM
40,1.00,08/31/2025 10:50:15 AM
41,1.00,08/31/2025 10:40:02 AM
41,1.00,08/31/2025 10:30:49 AM
-1,1.00,08/31/2025 10:20:34 AM
33,1.00,08/31/2025 10:10:16 AM
37,1.00,08/31/2025 10:01:03 AM
-1,1.00,08/31/2025 09:50:15 AM
41,1.00,08/31/2025 09:40:02 AM
20,1.00,08/31/2025 09:30:48 AM
41,1.00,08/31/2025 09:20:34 AM
39,1.00,08/31/2025 09:10:16 AM
38,1.00,08/31/2025 09:01:03 AM
19,1.00,08/31/2025 08:50:15 AM
38,1.00,08/31/2025 08:40:01 AM
17,1.00,08/31/2025 08:30:48 AM
36,1.00,08/31/2025 08:20:33 AM
-1,1.00,08/31/2025 08:10:15 AM
40,1.00,08/31/2025 08:01:03 AM
18,1.00,08/31/2025 07:50:15 AM
40,1.00,08/31/2025 07:40:01 AM
21,1.00,08/31/2025 07:30:48 AM
31,1.00,08/31/2025 07:20:33 AM
33,1.00,08/31/2025 07:10:15 AM
-1,1.00,08/31/2025 07:01:02 AM
35,1.00,08/31/2025 06:50:15 AM
17,1.00,08/31/2025 06:40:01 AM
33,1.00,08/31/2025 06:30:48 AM
31,1.00,08/31/2025 06:20:33 AM
30,1.00,08/31/2025 06:10:15 AM
18,1.00,08/31/2025 06:01:04 AM
34,1.00,08/31/2025 05:50:14 AM
35,1.00,08/31/2025 05:40:00 AM
31,1.00,08/31/2025 05:30:47 AM
23,1.00,08/31/2025 05:20:32 AM
29,1.00,08/31/2025 05:10:14 AM
39,1.00,08/31/2025 05:01:03 AM
-1,1.00,08/31/2025 04:50:14 AM
-1,1.00,08/31/2025 04:40:00 AM
18,1.00,08/31/2025 04:30:47 AM
34,1.00,08/31/2025 04:20:32 AM
-1,1.00,08/31/2025 04:10:14 AM
-1,1.00,08/31/2025 04:01:03 AM
-1,1.00,08/31/2025 03:50:14 AM
16,1.00,08/31/2025 03:40:00 AM
28,1.00,08/31/2025 03:30:47 AM
-1,1.00,08/31/2025 03:20:32 AM
37,1.00,08/31/2025 03:10:14 AM
-1,1.00,08/31/2025 03:01:03 AM
-1,1.00,08/31/2025 02:50:15 AM
-1,1.00,08/31/2025 02:40:00 AM
-1,1.00,08/31/2025 02:30:48 AM
32,1.00,08/31/2025 02:20:32 AM
-1,1.00,08/31/2025 02:10:14 AM
-1,1.00,08/31/2025 02:01:03 AM
18,1.00,08/31/2025 01:50:15 AM
31,1.00,08/31/2025 01:40:00 AM
20,1.00,08/31/2025 01:30:48 AM
30,1.00,08/31/2025 01:20:32 AM
-1,1.00,08/31/2025 01:10:14 AM
31,1.00,08/31/2025 01:01:03 AM
-1,1.00,08/31/2025 12:50:15 AM
23,1.00,08/31/2025 12:40:00 AM
39,1.00,08/31/2025 12:30:48 AM
29,1.00,08/31/2025 12:20:32 AM
31,1.00,08/31/2025 12:10:15 AM
38,1.00,08/31/2025 12:01:03 AM
39,1.00,08/30/2025 11:50:15 PM
40,1.00,08/30/2025 11:40:01 PM
31,1.00,08/30/2025 11:30:48 PM
37,1.00,08/30/2025 11:20:34 PM
18,1.00,08/30/2025 11:10:16 PM
35,1.00,08/30/2025 11:01:03 PM
36,1.00,08/30/2025 10:50:15 PM
41,1.00,08/30/2025 10:40:02 PM
-1,1.00,08/30/2025 10:30:48 PM
-1,1.00,08/30/2025 10:20:34 PM
38,1.00,08/30/2025 10:10:16 PM
-1,1.00,08/30/2025 10:01:03 PM
17,1.00,08/30/2025 09:50:16 PM
33,1.00,08/30/2025 09:40:02 PM
30,1.00,08/30/2025 09:30:49 PM
30,1.00,08/30/2025 09:20:34 PM
41,1.00,08/30/2025 09:10:16 PM
34,1.00,08/30/2025 09:01:04 PM
32,1.00,08/30/2025 08:50:16 PM
27,1.00,08/30/2025 08:40:02 PM
37,1.00,08/30/2025 08:30:49 PM
30,1.00,08/30/2025 08:20:34 PM
16,1.00,08/30/2025 08:10:16 PM
35,1.00,08/30/2025 08:01:03 PM
33,1.00,08/30/2025 07:50:16 PM
37,1.00,08/30/2025 07:40:02 PM
-1,1.00,08/30/2025 07:30:49 PM
41,1.00,08/30/2025 07:20:34 PM
22,1.00,08/30/2025 07:10:16 PM
32,1.00,08/30/2025 07:01:04 PM
34,1.00,08/30/2025 06:50:16 PM
34,1.00,08/30/2025 06:40:02 PM
31,1.00,08/30/2025 06:30:49 PM
41,1.00,08/30/2025 06:20:35 PM
38,1.00,08/30/2025 06:10:16 PM
34,1.00,08/30/2025 06:01:04 PM
41,1.00,08/30/2025 05:50:16 PM
41,1.00,08/30/2025 05:40:02 PM
17,1.00,08/30/2025 05:30:50 PM
41,1.00,08/30/2025 05:20:34 PM
38,1.00,08/30/2025 05:10:16 PM
36,1.00,08/30/2025 05:01:04 PM
38,1.00,08/30/2025 04:50:16 PM
19,1.00,08/30/2025 04:40:02 PM
38,1.00,08/30/2025 04:30:49 PM
39,1.00,08/30/2025 04:20:35 PM
35,1.00,08/30/2025 04:10:16 PM
37,1.00,08/30/2025 04:01:04 PM
-1,1.00,08/30/2025 03:50:16 PM
-1,1.00,08/30/2025 03:40:02 PM
39,1.00,08/30/2025 03:30:49 PM
31,1.00,08/30/2025 03:20:34 PM
37,1.00,08/30/2025 03:10:16 PM
19,1.00,08/30/2025 03:01:05 PM
36,1.00,08/30/2025 02:50:17 PM
36,1.00,08/30/2025 02:40:02 PM
33,1.00,08/30/2025 02:30:49 PM
37,1.00,08/30/2025 02:20:34 PM
30,1.00,08/30/2025 02:10:16 PM
-1,1.00,08/30/2025 02:01:04 PM
41,1.00,08/30/2025 01:50:16 PM
37,1.00,08/30/2025 01:40:02 PM
38,1.00,08/30/2025 01:30:49 PM
33,1.00,08/30/2025 01:20:34 PM
20,1.00,08/30/2025 01:10:16 PM
38,1.00,08/30/2025 01:01:04 PM
35,1.00,08/30/2025 12:50:16 PM
18,1.00,08/30/2025 12:40:03 PM
38,1.00,08/30/2025 12:30:49 PM
35,1.00,08/30/2025 12:20:34 PM
34,1.00,08/30/2025 12:10:15 PM
-1,1.00,08/30/2025 12:01:04 PM
31,1.00,08/30/2025 11:50:16 AM
41,1.00,08/30/2025 11:40:02 AM
-1,1.00,08/30/2025 11:30:49 AM
37,1.00,08/30/2025 11:20:35 AM
33,1.00,08/30/2025 11:10:18 AM
41,1.00,08/30/2025 11:01:04 AM
18,1.00,08/30/2025 10:50:16 AM
34,1.00,08/30/2025 10:40:03 AM
18,1.00,08/30/2025 10:30:49 AM
33,1.00,08/30/2025 10:20:34 AM
35,1.00,08/30/2025 10:10:16 AM
29,1.00,08/30/2025 10:01:04 AM
37,1.00,08/30/2025 09:50:16 AM
17,1.00,08/30/2025 09:40:02 AM
31,1.00,08/30/2025 09:30:49 AM
37,1.00,08/30/2025 09:20:34 AM
35,1.00,08/30/2025 09:10:16 AM
30,1.00,08/30/2025 09:01:04 AM
38,1.00,08/30/2025 08:50:16 AM
27,1.00,08/30/2025 08:40:02 AM
40,1.00,08/30/2025 08:30:49 AM
18,1.00,08/30/2025 08:20:34 AM
35,1.00,08/30/2025 08:10:16 AM
30,1.00,08/30/2025 08:01:03 AM
38,1.00,08/30/2025 07:50:15 AM
-1,1.00,08/30/2025 07:40:02 AM
28,1.00,08/30/2025 07:30:48 AM
41,1.00,08/30/2025 07:20:34 AM
16,1.00,08/30/2025 07:10:15 AM
34,1.00,08/30/2025 07:01:03 AM
23,1.00,08/30/2025 06:50:15 AM
33,1.00,08/30/2025 06:40:01 AM
32,1.00,08/30/2025 06:30:48 AM
16,1.00,08/30/2025 06:20:33 AM
36,1.00,08/30/2025 06:10:15 AM
24,1.00,08/30/2025 06:01:05 AM
18,1.00,08/30/2025 05:50:15 AM
30,1.00,08/30/2025 05:40:01 AM
18,1.00,08/30/2025 05:30:48 AM
30,1.00,08/30/2025 05:20:33 AM
31,1.00,08/30/2025 05:10:15 AM
18,1.00,08/30/2025 05:01:02 AM
31,1.00,08/30/2025 04:50:14 AM
25,1.00,08/30/2025 04:40:01 AM
36,1.00,08/30/2025 04:30:47 AM
-1,1.00,08/30/2025 04:20:33 AM
-1,1.00,08/30/2025 04:10:14 AM
23,1.00,08/30/2025 04:01:02 AM
25,1.00,08/30/2025 03:50:14 AM
-1,1.00,08/30/2025 03:40:00 AM
35,1.00,08/30/2025 03:30:47 AM
-1,1.00,08/30/2025 03:20:32 AM
-1,1.00,08/30/2025 03:10:14 AM
17,1.00,08/30/2025 03:01:03 AM
35,1.00,08/30/2025 02:50:14 AM
30,1.00,08/30/2025 02:40:00 AM
31,1.00,08/30/2025 02:30:47 AM
17,1.00,08/30/2025 02:20:32 AM
32,1.00,08/30/2025 02:10:14 AM
-1,1.00,08/30/2025 02:01:03 AM
-1,1.00,08/30/2025 01:50:14 AM
28,1.00,08/30/2025 01:40:00 AM
38,1.00,08/30/2025 01:30:47 AM
38,1.00,08/30/2025 01:20:32 AM
39,1.00,08/30/2025 01:10:14 AM
-1,1.00,08/30/2025 01:01:03 AM
-1,1.00,08/30/2025 12:50:15 AM
-1,1.00,08/30/2025 12:40:00 AM
30,1.00,08/30/2025 12:30:48 AM
-1,1.00,08/30/2025 12:20:33 AM
18,1.00,08/30/2025 12:10:15 AM
36,1.00,08/30/2025 12:01:06 AM
39,1.00,08/29/2025 11:50:16 PM
25,1.00,08/29/2025 11:40:01 PM
16,1.00,08/29/2025 11:30:48 PM
41,1.00,08/29/2025 11:20:33 PM
-1,1.00,08/29/2025 11:10:15 PM
25,1.00,08/29/2025 11:01:03 PM
40,1.00,08/29/2025 10:50:16 PM
38,1.00,08/29/2025 10:40:01 PM
-1,1.00,08/29/2025 10:30:49 PM
33,1.00,08/29/2025 10:20:35 PM
-1,1.00,08/29/2025 10:10:15 PM
-1,1.00,08/29/2025 10:01:06 PM
36,1.00,08/29/2025 09:50:16 PM
30,1.00,08/29/2025 09:40:02 PM
16,1.00,08/29/2025 09:30:49 PM
33,1.00,08/29/2025 09:20:35 PM
36,1.00,08/29/2025 09:10:16 PM
33,1.00,08/29/2025 09:01:04 PM
33,1.00,08/29/2025 08:50:16 PM
36,1.00,08/29/2025 08:40:02 PM
18,1.00,08/29/2025 08:30:49 PM
40,1.00,08/29/2025 08:20:34 PM
31,1.00,08/29/2025 08:10:16 PM
31,1.00,08/29/2025 08:01:04 PM
33,1.00,08/29/2025 07:50:16 PM
18,1.00,08/29/2025 07:40:02 PM
34,1.00,08/29/2025 07:30:49 PM
41,1.00,08/29/2025 07:20:35 PM
35,1.00,08/29/2025 07:10:16 PM
38,1.00,08/29/2025 07:01:04 PM
18,1.00,08/29/2025 06:50:16 PM
38,1.00,08/29/2025 06:40:03 PM
20,1.00,08/29/2025 06:30:50 PM
38,1.00,08/29/2025 06:20:37 PM
35,1.00,08/29/2025 06:10:17 PM
37,1.00,08/29/2025 06:01:04 PM
34,1.00,08/29/2025 05:50:16 PM
37,1.00,08/29/2025 05:40:03 PM
34,1.00,08/29/2025 05:30:50 PM
33,1.00,08/29/2025 05:20:36 PM
31,1.00,08/29/2025 05:10:17 PM
38,1.00,08/29/2025 05:01:04 PM
31,1.00,08/29/2025 04:50:16 PM
30,1.00,08/29/2025 04:40:04 PM
38,1.00,08/29/2025 04:30:50 PM
38,1.00,08/29/2025 04:20:38 PM
33,1.00,08/29/2025 04:10:17 PM
41,1.00,08/29/2025 04:01:05 PM
36,1.00,08/29/2025 03:50:17 PM
16,1.00,08/29/2025 03:40:03 PM
33,1.00,08/29/2025 03:30:49 PM
38,1.00,08/29/2025 03:20:35 PM
32,1.00,08/29/2025 03:10:16 PM
31,1.00,08/29/2025 03:01:06 PM
20,1.00,08/29/2025 02:50:17 PM
27,1.00,08/29/2025 02:40:02 PM
35,1.00,08/29/2025 02:30:50 PM
35,1.00,08/29/2025 02:20:37 PM
41,1.00,08/29/2025 02:10:16 PM
22,1.00,08/29/2025 02:01:04 PM
30,1.00,08/29/2025 01:50:16 PM
37,1.00,08/29/2025 01:40:04 PM
-1,1.00,08/29/2025 01:30:49 PM
-1,1.00,08/29/2025 01:20:34 PM
31,1.00,08/29/2025 01:10:16 PM
35,1.00,08/29/2025 01:01:04 PM
17,1.00,08/29/2025 12:50:17 PM
38,1.00,08/29/2025 12:40:02 PM
-1,1.00,08/29/2025 12:30:49 PM
18,1.00,08/29/2025 12:20:35 PM
36,1.00,08/29/2025 12:10:16 PM
-1,1.00,08/29/2025 12:01:04 PM
18,1.00,08/29/2025 11:50:16 AM
41,1.00,08/29/2025 11:40:02 AM
33,1.00,08/29/2025 11:30:49 AM
32,1.00,08/29/2025 11:20:35 AM
33,1.00,08/29/2025 11:10:19 AM
29,1.00,08/29/2025 11:01:04 AM
40,1.00,08/29/2025 10:50:16 AM
18,1.00,08/29/2025 10:40:03 AM
27,1.00,08/29/2025 10:30:52 AM
36,1.00,08/29/2025 10:20:37 AM
36,1.00,08/29/2025 10:10:17 AM
27,1.00,08/29/2025 10:01:04 AM
33,1.00,08/29/2025 09:50:17 AM
33,1.00,08/29/2025 09:40:03 AM
38,1.00,08/29/2025 09:30:50 AM
34,1.00,08/29/2025 09:20:37 AM
40,1.00,08/29/2025 09:10:17 AM
34,1.00,08/29/2025 09:01:05 AM
40,1.00,08/29/2025 08:50:17 AM
41,1.00,08/29/2025 08:40:05 AM
31,1.00,08/29/2025 08:30:50 AM
29,1.00,08/29/2025 08:20:36 AM
33,1.00,08/29/2025 08:10:17 AM
32,1.00,08/29/2025 08:01:05 AM
17,1.00,08/29/2025 07:50:18 AM
35,1.00,08/29/2025 07:40:03 AM
32,1.00,08/29/2025 07:30:50 AM
27,1.00,08/29/2025 07:20:35 AM
31,1.00,08/29/2025 07:10:17 AM
41,1.00,08/29/2025 07:01:04 AM
31,1.00,08/29/2025 06:50:16 AM
22,1.00,08/29/2025 06:40:03 AM
41,1.00,08/29/2025 06:30:49 AM
28,1.00,08/29/2025 06:20:34 AM
-1,1.00,08/29/2025 06:10:16 AM
18,1.00,08/29/2025 06:01:04 AM
32,1.00,08/29/2025 05:50:15 AM
41,1.00,08/29/2025 05:40:02 AM
-1,1.00,08/29/2025 05:30:48 AM
-1,1.00,08/29/2025 05:20:33 AM
-1,1.00,08/29/2025 05:10:15 AM
18,1.00,08/29/2025 05:01:03 AM
35,1.00,08/29/2025 04:50:14 AM
37,1.00,08/29/2025 04:40:01 AM
30,1.00,08/29/2025 04:30:47 AM
31,1.00,08/29/2025 04:20:33 AM
-1,1.00,08/29/2025 04:10:14 AM
31,1.00,08/29/2025 04:01:02 AM
-1,1.00,08/29/2025 03:50:14 AM
18,1.00,08/29/2025 03:40:00 AM
33,1.00,08/29/2025 03:30:47 AM
-1,1.00,08/29/2025 03:20:32 AM
-1,1.00,08/29/2025 03:10:14 AM
40,1.00,08/29/2025 03:01:03 AM
-1,1.00,08/29/2025 02:50:15 AM
10,1.00,08/29/2025 02:40:00 AM
33,1.00,08/29/2025 02:30:47 AM
-1,1.00,08/29/2025 02:20:32 AM
40,1.00,08/29/2025 02:10:14 AM
37,1.00,08/29/2025 02:01:03 AM
-1,1.00,08/29/2025 01:50:15 AM
16,1.00,08/29/2025 01:40:00 AM
33,1.00,08/29/2025 01:30:47 AM
-1,1.00,08/29/2025 01:20:33 AM
33,1.00,08/29/2025 01:10:14 AM
-1,1.00,08/29/2025 01:01:03 AM
40,1.00,08/29/2025 12:50:15 AM
-1,1.00,08/29/2025 12:40:01 AM
-1,1.00,08/29/2025 12:30:47 AM
29,1.00,08/29/2025 12:20:33 AM
-1,1.00,08/29/2025 12:10:14 AM
18,1.00,08/29/2025 12:01:06 AM
37,1.00,08/28/2025 11:50:15 PM
-1,1.00,08/28/2025 11:40:01 PM
-1,1.00,08/28/2025 11:30:48 PM
-1,1.00,08/28/2025 11:20:33 PM
36,1.00,08/28/2025 11:10:15 PM
24,1.00,08/28/2025 11:01:04 PM
31,1.00,08/28/2025 10:50:16 PM
33,1.00,08/28/2025 10:40:01 PM
28,1.00,08/28/2025 10:30:49 PM
33,1.00,08/28/2025 10:20:34 PM
35,1.00,08/28/2025 10:10:16 PM
41,1.00,08/28/2025 10:01:05 PM
31,1.00,08/28/2025 09:50:16 PM
36,1.00,08/28/2025 09:40:01 PM
35,1.00,08/28/2025 09:30:49 PM
-1,1.00,08/28/2025 09:20:33 PM
18,1.00,08/28/2025 09:10:16 PM
30,1.00,08/28/2025 09:01:04 PM
18,1.00,08/28/2025 08:50:16 PM
35,1.00,08/28/2025 08:40:01 PM
31,1.00,08/28/2025 08:30:49 PM
32,1.00,08/28/2025 08:20:34 PM
27,1.00,08/28/2025 08:10:16 PM
35,1.00,08/28/2025 08:01:04 PM
33,1.00,08/28/2025 07:50:16 PM
-1,1.00,08/28/2025 07:40:02 PM
20,1.00,08/28/2025 07:30:50 PM
36,1.00,08/28/2025 07:20:35 PM
23,1.00,08/28/2025 07:10:17 PM
38,1.00,08/28/2025 07:01:04 PM
41,1.00,08/28/2025 06:50:17 PM
33,1.00,08/28/2025 06:40:03 PM
35,1.00,08/28/2025 06:30:50 PM
31,1.00,08/28/2025 06:20:35 PM
-1,1.00,08/28/2025 06:10:19 PM
20,1.00,08/28/2025 06:01:05 PM
38,1.00,08/28/2025 05:50:17 PM
41,1.00,08/28/2025 05:40:04 PM
19,1.00,08/28/2025 05:30:50 PM
39,1.00,08/28/2025 05:20:37 PM
30,1.00,08/28/2025 05:10:18 PM
34,1.00,08/28/2025 05:01:06 PM
25,1.00,08/28/2025 04:50:19 PM
33,1.00,08/28/2025 04:40:04 PM
25,1.00,08/28/2025 04:30:50 PM
37,1.00,08/28/2025 04:20:36 PM
39,1.00,08/28/2025 04:10:17 PM
16,1.00,08/28/2025 04:01:05 PM
41,1.00,08/28/2025 03:50:17 PM
33,1.00,08/28/2025 03:40:03 PM
31,1.00,08/28/2025 03:30:50 PM
31,1.00,08/28/2025 03:20:35 PM
41,1.00,08/28/2025 03:10:17 PM
33,1.00,08/28/2025 03:01:05 PM
31,1.00,08/28/2025 02:50:16 PM
39,1.00,08/28/2025 02:40:04 PM
31,1.00,08/28/2025 02:30:49 PM
35,1.00,08/28/2025 02:20:35 PM
38,1.00,08/28/2025 02:10:16 PM
27,1.00,08/28/2025 02:01:04 PM
39,1.00,08/28/2025 01:50:16 PM
39,1.00,08/28/2025 01:40:03 PM
-1,1.00,08/28/2025 01:30:49 PM
33,1.00,08/28/2025 01:20:35 PM
20,1.00,08/28/2025 01:10:16 PM
30,1.00,08/28/2025 01:01:04 PM
26,1.00,08/28/2025 12:50:16 PM
16,1.00,08/28/2025 12:40:02 PM
32,1.00,08/28/2025 12:30:49 PM
-1,1.00,08/28/2025 12:20:35 PM
25,1.00,08/28/2025 12:10:16 PM
36,1.00,08/28/2025 12:01:04 PM
35,1.00,08/28/2025 11:50:16 AM
35,1.00,08/28/2025 11:40:02 AM
23,1.00,08/28/2025 11:30:49 AM
33,1.00,08/28/2025 11:20:35 AM
18,1.00,08/28/2025 11:10:16 AM
31,1.00,08/28/2025 11:01:05 AM
38,1.00,08/28/2025 10:50:17 AM
36,1.00,08/28/2025 10:40:02 AM
33,1.00,08/28/2025 10:30:49 AM
33,1.00,08/28/2025 10:20:35 AM
29,1.00,08/28/2025 10:10:16 AM
38,1.00,08/28/2025 10:01:05 AM
41,1.00,08/28/2025 09:50:17 AM
34,1.00,08/28/2025 09:40:02 AM
33,1.00,08/28/2025 09:30:49 AM
31,1.00,08/28/2025 09:20:35 AM
31,1.00,08/28/2025 09:10:16 AM
17,1.00,08/28/2025 09:01:05 AM
35,1.00,08/28/2025 08:50:17 AM
38,1.00,08/28/2025 08:40:05 AM
31,1.00,08/28/2025 08:30:50 AM
29,1.00,08/28/2025 08:20:36 AM
39,1.00,08/28/2025 08:10:17 AM
27,1.00,08/28/2025 08:01:05 AM
41,1.00,08/28/2025 07:50:19 AM
34,1.00,08/28/2025 07:40:03 AM
35,1.00,08/28/2025 07:30:50 AM
26,1.00,08/28/2025 07:20:35 AM
41,1.00,08/28/2025 07:10:17 AM
34,1.00,08/28/2025 07:01:05 AM
33,1.00,08/28/2025 06:50:17 AM
16,1.00,08/28/2025 06:40:02 AM
33,1.00,08/28/2025 06:30:49 AM
19,1.00,08/28/2025 06:20:35 AM
23,1.00,08/28/2025 06:10:16 AM
29,1.00,08/28/2025 06:01:04 AM
28,1.00,08/28/2025 05:50:16 AM
35,1.00,08/28/2025 05:40:02 AM
-1,1.00,08/28/2025 05:30:49 AM
29,1.00,08/28/2025 05:20:34 AM
17,1.00,08/28/2025 05:10:15 AM
33,1.00,08/28/2025 05:01:03 AM
-1,1.00,08/28/2025 04:50:15 AM
-1,1.00,08/28/2025 04:40:01 AM
25,1.00,08/28/2025 04:30:48 AM
26,1.00,08/28/2025 04:20:33 AM
-1,1.00,08/28/2025 04:10:15 AM
29,1.00,08/28/2025 04:01:02 AM
-1,1.00,08/28/2025 03:50:15 AM
-1,1.00,08/28/2025 03:40:00 AM
-1,1.00,08/28/2025 03:30:48 AM
-1,1.00,08/28/2025 03:20:33 AM
-1,1.00,08/28/2025 03:10:14 AM
29,1.00,08/28/2025 03:01:02 AM
-1,1.00,08/28/2025 02:50:14 AM
14,1.00,08/28/2025 02:40:00 AM
33,1.00,08/28/2025 02:30:47 AM
18,1.00,08/28/2025 02:20:33 AM
32,1.00,08/28/2025 02:10:15 AM
-1,1.00,08/28/2025 02:01:02 AM
30,1.00,08/28/2025 01:50:15 AM
18,1.00,08/28/2025 01:40:00 AM
26,1.00,08/28/2025 01:30:48 AM
-1,1.00,08/28/2025 01:20:33 AM
36,1.00,08/28/2025 01:10:15 AM
31,1.00,08/28/2025 01:01:03 AM
-1,1.00,08/28/2025 12:50:15 AM
29,1.00,08/28/2025 12:40:00 AM
36,1.00,08/28/2025 12:30:48 AM
34,1.00,08/28/2025 12:20:33 AM
16,1.00,08/28/2025 12:10:15 AM
29,1.00,08/28/2025 12:01:05 AM
35,1.00,08/27/2025 11:50:15 PM
31,1.00,08/27/2025 11:40:01 PM
-1,1.00,08/27/2025 11:30:48 PM
36,1.00,08/27/2025 11:20:34 PM
33,1.00,08/27/2025 11:10:15 PM
16,1.00,08/27/2025 11:01:03 PM
38,1.00,08/27/2025 10:50:15 PM
38,1.00,08/27/2025 10:40:02 PM
18,1.00,08/27/2025 10:30:48 PM
35,1.00,08/27/2025 10:20:34 PM
-1,1.00,08/27/2025 10:10:16 PM
29,1.00,08/27/2025 10:01:04 PM
26,1.00,08/27/2025 09:50:15 PM
16,1.00,08/27/2025 09:40:02 PM
28,1.00,08/27/2025 09:30:48 PM
38,1.00,08/27/2025 09:20:34 PM
-1,1.00,08/27/2025 09:10:15 PM
18,1.00,08/27/2025 09:01:05 PM
39,1.00,08/27/2025 08:50:16 PM
26,1.00,08/27/2025 08:40:02 PM
35,1.00,08/27/2025 08:30:48 PM
33,1.00,08/27/2025 08:20:34 PM
31,1.00,08/27/2025 08:10:15 PM
31,1.00,08/27/2025 08:01:03 PM
16,1.00,08/27/2025 07:50:16 PM
35,1.00,08/27/2025 07:40:02 PM
31,1.00,08/27/2025 07:30:49 PM
34,1.00,08/27/2025 07:20:35 PM
41,1.00,08/27/2025 07:10:16 PM
-1,1.00,08/27/2025 07:01:04 PM
35,1.00,08/27/2025 06:50:16 PM
31,1.00,08/27/2025 06:40:03 PM
26,1.00,08/27/2025 06:30:49 PM
31,1.00,08/27/2025 06:20:34 PM
41,1.00,08/27/2025 06:10:17 PM
41,1.00,08/27/2025 06:01:05 PM
30,1.00,08/27/2025 05:50:17 PM
30,1.00,08/27/2025 05:40:03 PM
38,1.00,08/27/2025 05:30:50 PM
30,1.00,08/27/2025 05:20:36 PM
17,1.00,08/27/2025 05:10:17 PM
31,1.00,08/27/2025 05:01:05 PM
38,1.00,08/27/2025 04:50:17 PM
34,1.00,08/27/2025 04:40:03 PM
34,1.00,08/27/2025 04:30:50 PM
31,1.00,08/27/2025 04:20:36 PM
33,1.00,08/27/2025 04:10:17 PM
31,1.00,08/27/2025 04:01:05 PM
35,1.00,08/27/2025 03:50:17 PM
15,1.00,08/27/2025 03:40:03 PM
32,1.00,08/27/2025 03:30:51 PM
31,1.00,08/27/2025 03:20:36 PM
36,1.00,08/27/2025 03:10:17 PM
-1,1.00,08/27/2025 03:01:06 PM
-1,1.00,08/27/2025 02:50:17 PM
16,1.00,08/27/2025 02:40:02 PM
35,1.00,08/27/2025 02:30:50 PM
17,1.00,08/27/2025 02:20:36 PM
41,1.00,08/27/2025 02:10:17 PM
41,1.00,08/27/2025 02:01:04 PM
30,1.00,08/27/2025 01:50:16 PM
38,1.00,08/27/2025 01:40:02 PM
29,1.00,08/27/2025 01:30:51 PM
27,1.00,08/27/2025 01:20:35 PM
29,1.00,08/27/2025 01:10:16 PM
39,1.00,08/27/2025 01:01:04 PM
-1,1.00,08/27/2025 12:50:16 PM
16,1.00,08/27/2025 12:40:02 PM
30,1.00,08/27/2025 12:30:49 PM
20,1.00,08/27/2025 12:20:34 PM
31,1.00,08/27/2025 12:10:16 PM
20,1.00,08/27/2025 12:01:04 PM
40,1.00,08/27/2025 11:50:18 AM
36,1.00,08/27/2025 11:40:02 AM
38,1.00,08/27/2025 11:30:49 AM
32,1.00,08/27/2025 11:20:34 AM
34,1.00,08/27/2025 11:10:16 AM
29,1.00,08/27/2025 11:01:04 AM
34,1.00,08/27/2025 10:50:16 AM
33,1.00,08/27/2025 10:40:03 AM
41,1.00,08/27/2025 10:30:49 AM
18,1.00,08/27/2025 10:20:35 AM
33,1.00,08/27/2025 10:10:16 AM
41,1.00,08/27/2025 10:01:05 AM
36,1.00,08/27/2025 09:50:16 AM
34,1.00,08/27/2025 09:40:02 AM
33,1.00,08/27/2025 09:30:50 AM
35,1.00,08/27/2025 09:20:35 AM
40,1.00,08/27/2025 09:10:17 AM
37,1.00,08/27/2025 09:01:07 AM
35,1.00,08/27/2025 08:50:18 AM
37,1.00,08/27/2025 08:40:03 AM
31,1.00,08/27/2025 08:30:50 AM
40,1.00,08/27/2025 08:20:36 AM
38,1.00,08/27/2025 08:10:17 AM
31,1.00,08/27/2025 08:01:05 AM
39,1.00,08/27/2025 07:50:17 AM
28,1.00,08/27/2025 07:40:05 AM
31,1.00,08/27/2025 07:30:50 AM
41,1.00,08/27/2025 07:20:35 AM
33,1.00,08/27/2025 07:10:17 AM
18,1.00,08/27/2025 07:01:05 AM
25,1.00,08/27/2025 06:50:16 AM
41,1.00,08/27/2025 06:40:02 AM
-1,1.00,08/27/2025 06:30:49 AM
31,1.00,08/27/2025 06:20:34 AM
-1,1.00,08/27/2025 06:10:16 AM
35,1.00,08/27/2025 06:01:04 AM
-1,1.00,08/27/2025 05:50:16 AM
41,1.00,08/27/2025 05:40:01 AM
-1,1.00,08/27/2025 05:30:48 AM
31,1.00,08/27/2025 05:20:33 AM
-1,1.00,08/27/2025 05:10:15 AM
31,1.00,08/27/2025 05:01:03 AM
-1,1.00,08/27/2025 04:50:15 AM
-1,1.00,08/27/2025 04:40:01 AM
24,1.00,08/27/2025 04:30:48 AM
28,1.00,08/27/2025 04:20:33 AM
-1,1.00,08/27/2025 04:10:14 AM
40,1.00,08/27/2025 04:01:02 AM
-1,1.00,08/27/2025 03:50:14 AM
-1,1.00,08/27/2025 03:40:01 AM
31,1.00,08/27/2025 03:30:47 AM
31,1.00,08/27/2025 03:20:32 AM
-1,1.00,08/27/2025 03:10:14 AM
20,1.00,08/27/2025 03:01:02 AM
29,1.00,08/27/2025 02:50:14 AM
17,1.00,08/27/2025 02:40:01 AM
29,1.00,08/27/2025 02:30:47 AM
17,1.00,08/27/2025 02:20:32 AM
25,1.00,08/27/2025 02:10:14 AM
-1,1.00,08/27/2025 02:01:02 AM
33,1.00,08/27/2025 01:50:15 AM
-1,1.00,08/27/2025 01:40:01 AM
33,1.00,08/27/2025 01:30:47 AM
-1,1.00,08/27/2025 01:20:32 AM
36,1.00,08/27/2025 01:10:14 AM
-1,1.00,08/27/2025 01:01:02 AM
-1,1.00,08/27/2025 12:50:15 AM
23,1.00,08/27/2025 12:40:01 AM
31,1.00,08/27/2025 12:30:48 AM
16,1.00,08/27/2025 12:20:33 AM
32,1.00,08/27/2025 12:10:15 AM
-1,1.00,08/27/2025 12:01:05 AM
30,1.00,08/26/2025 11:50:15 PM
-1,1.00,08/26/2025 11:40:01 PM
-1,1.00,08/26/2025 11:30:48 PM
27,1.00,08/26/2025 11:20:34 PM
41,1.00,08/26/2025 11:10:16 PM
-1,1.00,08/26/2025 11:01:04 PM
36,1.00,08/26/2025 10:50:15 PM
-1,1.00,08/26/2025 10:40:02 PM
16,1.00,08/26/2025 10:30:49 PM
33,1.00,08/26/2025 10:20:34 PM
35,1.00,08/26/2025 10:10:16 PM
41,1.00,08/26/2025 10:01:05 PM
39,1.00,08/26/2025 09:50:16 PM
20,1.00,08/26/2025 09:40:02 PM
35,1.00,08/26/2025 09:30:49 PM
38,1.00,08/26/2025 09:20:34 PM
17,1.00,08/26/2025 09:10:16 PM
41,1.00,08/26/2025 09:01:04 PM
33,1.00,08/26/2025 08:50:16 PM
26,1.00,08/26/2025 08:40:02 PM
35,1.00,08/26/2025 08:30:49 PM
31,1.00,08/26/2025 08:20:34 PM
32,1.00,08/26/2025 08:10:16 PM
31,1.00,08/26/2025 08:01:06 PM
-1,1.00,08/26/2025 07:50:16 PM
33,1.00,08/26/2025 07:40:02 PM
29,1.00,08/26/2025 07:30:49 PM
28,1.00,08/26/2025 07:20:35 PM
38,1.00,08/26/2025 07:10:18 PM
41,1.00,08/26/2025 07:01:04 PM
30,1.00,08/26/2025 06:50:16 PM
32,1.00,08/26/2025 06:40:02 PM
36,1.00,08/26/2025 06:30:49 PM
18,1.00,08/26/2025 06:20:35 PM
29,1.00,08/26/2025 06:10:16 PM
39,1.00,08/26/2025 06:01:05 PM
33,1.00,08/26/2025 05:50:17 PM
27,1.00,08/26/2025 05:40:03 PM
40,1.00,08/26/2025 05:30:50 PM
39,1.00,08/26/2025 05:20:35 PM
18,1.00,08/26/2025 05:10:17 PM
33,1.00,08/26/2025 05:01:05 PM
34,1.00,08/26/2025 04:50:20 PM
31,1.00,08/26/2025 04:40:04 PM
20,1.00,08/26/2025 04:30:50 PM
30,1.00,08/26/2025 04:20:35 PM
35,1.00,08/26/2025 04:10:17 PM
30,1.00,08/26/2025 04:01:05 PM
34,1.00,08/26/2025 03:50:17 PM
33,1.00,08/26/2025 03:40:03 PM
36,1.00,08/26/2025 03:30:49 PM
18,1.00,08/26/2025 03:20:36 PM
35,1.00,08/26/2025 03:10:18 PM
18,1.00,08/26/2025 03:01:04 PM
40,1.00,08/26/2025 02:50:17 PM
25,1.00,08/26/2025 02:40:02 PM
40,1.00,08/26/2025 02:30:49 PM
28,1.00,08/26/2025 02:20:35 PM
17,1.00,08/26/2025 02:10:16 PM
33,1.00,08/26/2025 02:01:05 PM
36,1.00,08/26/2025 01:50:16 PM
38,1.00,08/26/2025 01:40:02 PM
35,1.00,08/26/2025 01:30:50 PM
31,1.00,08/26/2025 01:20:35 PM
31,1.00,08/26/2025 01:10:16 PM
31,1.00,08/26/2025 01:01:05 PM
14,1.00,08/26/2025 12:50:16 PM
33,1.00,08/26/2025 12:40:02 PM
34,1.00,08/26/2025 12:30:50 PM
31,1.00,08/26/2025 12:20:35 PM
-1,1.00,08/26/2025 12:10:16 PM
39,1.00,08/26/2025 12:01:05 PM
34,1.00,08/26/2025 11:50:16 AM
38,1.00,08/26/2025 11:40:02 AM
34,1.00,08/26/2025 11:30:49 AM
35,1.00,08/26/2025 11:20:34 AM
35,1.00,08/26/2025 11:10:16 AM
27,1.00,08/26/2025 11:01:05 AM
40,1.00,08/26/2025 10:50:16 AM
28,1.00,08/26/2025 10:40:05 AM
41,1.00,08/26/2025 10:30:50 AM
37,1.00,08/26/2025 10:20:35 AM
34,1.00,08/26/2025 10:10:16 AM
35,1.00,08/26/2025 10:01:05 AM
27,1.00,08/26/2025 09:50:16 AM
40,1.00,08/26/2025 09:40:02 AM
33,1.00,08/26/2025 09:30:52 AM
38,1.00,08/26/2025 09:20:35 AM
37,1.00,08/26/2025 09:10:17 AM
31,1.00,08/26/2025 09:01:05 AM
41,1.00,08/26/2025 08:50:17 AM
41,1.00,08/26/2025 08:40:03 AM
27,1.00,08/26/2025 08:30:53 AM
35,1.00,08/26/2025 08:20:37 AM
38,1.00,08/26/2025 08:10:17 AM
19,1.00,08/26/2025 08:01:05 AM
39,1.00,08/26/2025 07:50:16 AM
35,1.00,08/26/2025 07:40:03 AM
37,1.00,08/26/2025 07:30:50 AM
39,1.00,08/26/2025 07:20:35 AM
32,1.00,08/26/2025 07:10:17 AM
34,1.00,08/26/2025 07:01:05 AM
38,1.00,08/26/2025 06:50:16 AM
18,1.00,08/26/2025 06:40:02 AM
40,1.00,08/26/2025 06:30:49 AM
22,1.00,08/26/2025 06:20:35 AM
-1,1.00,08/26/2025 06:10:16 AM
18,1.00,08/26/2025 06:01:04 AM
35,1.00,08/26/2025 05:50:15 AM
40,1.00,08/26/2025 05:40:01 AM
-1,1.00,08/26/2025 05:30:48 AM
29,1.00,08/26/2025 05:20:34 AM
-1,1.00,08/26/2025 05:10:15 AM
31,1.00,08/26/2025 05:01:03 AM
-1,1.00,08/26/2025 04:50:15 AM
-1,1.00,08/26/2025 04:40:01 AM
23,1.00,08/26/2025 04:30:48 AM
30,1.00,08/26/2025 04:20:32 AM
-1,1.00,08/26/2025 04:10:14 AM
36,1.00,08/26/2025 04:01:02 AM
-1,1.00,08/26/2025 03:50:14 AM
-1,1.00,08/26/2025 03:40:01 AM
27,1.00,08/26/2025 03:30:47 AM
-1,1.00,08/26/2025 03:10:14 AM
30,1.00,08/26/2025 03:01:02 AM
-1,1.00,08/26/2025 02:50:15 AM
19,1.00,08/26/2025 02:40:01 AM
28,1.00,08/26/2025 02:30:47 AM
15,1.00,08/26/2025 02:20:32 AM
31,1.00,08/26/2025 02:10:14 AM
31,1.00,08/26/2025 02:01:03 AM
-1,1.00,08/26/2025 01:50:15 AM
-1,1.00,08/26/2025 01:40:01 AM
-1,1.00,08/26/2025 01:30:47 AM
-1,1.00,08/26/2025 01:20:33 AM
33,1.00,08/26/2025 01:10:15 AM
-1,1.00,08/26/2025 01:01:02 AM
-1,1.00,08/26/2025 12:50:15 AM
38,1.00,08/26/2025 12:40:01 AM
31,1.00,08/26/2025 12:30:47 AM
33,1.00,08/26/2025 12:20:32 AM
18,1.00,08/26/2025 12:10:15 AM
28,1.00,08/26/2025 12:01:03 AM
20,1.00,08/25/2025 11:50:15 PM
41,1.00,08/25/2025 11:40:01 PM
-1,1.00,08/25/2025 11:30:49 PM
38,1.00,08/25/2025 11:20:34 PM
36,1.00,08/25/2025 11:10:16 PM
26,1.00,08/25/2025 11:01:03 PM
31,1.00,08/25/2025 10:50:15 PM
30,1.00,08/25/2025 10:40:02 PM
-1,1.00,08/25/2025 10:30:49 PM
-1,1.00,08/25/2025 10:20:34 PM
30,1.00,08/25/2025 10:10:17 PM
27,1.00,08/25/2025 10:01:04 PM
-1,1.00,08/25/2025 09:50:16 PM
30,1.00,08/25/2025 09:40:02 PM
35,1.00,08/25/2025 09:30:49 PM
30,1.00,08/25/2025 09:20:36 PM
29,1.00,08/25/2025 09:10:16 PM
31,1.00,08/25/2025 09:01:03 PM
31,1.00,08/25/2025 08:50:16 PM
30,1.00,08/25/2025 08:40:02 PM
40,1.00,08/25/2025 08:30:49 PM
34,1.00,08/25/2025 08:20:34 PM
27,1.00,08/25/2025 08:10:16 PM
31,1.00,08/25/2025 08:01:03 PM
33,1.00,08/25/2025 07:50:16 PM
33,1.00,08/25/2025 07:40:02 PM
33,1.00,08/25/2025 07:30:49 PM
35,1.00,08/25/2025 07:20:35 PM
39,1.00,08/25/2025 07:10:17 PM
-1,1.00,08/25/2025 07:01:04 PM
33,1.00,08/25/2025 06:50:16 PM
36,1.00,08/25/2025 06:40:03 PM
27,1.00,08/25/2025 06:30:50 PM
32,1.00,08/25/2025 06:20:36 PM
31,1.00,08/25/2025 06:10:17 PM
35,1.00,08/25/2025 06:01:05 PM
31,1.00,08/25/2025 05:50:17 PM
30,1.00,08/25/2025 05:40:03 PM
28,1.00,08/25/2025 05:30:50 PM
35,1.00,08/25/2025 05:20:36 PM
35,1.00,08/25/2025 05:10:17 PM
35,1.00,08/25/2025 05:01:06 PM
38,1.00,08/25/2025 04:50:17 PM
38,1.00,08/25/2025 04:40:04 PM
20,1.00,08/25/2025 04:30:50 PM
36,1.00,08/25/2025 04:20:35 PM
31,1.00,08/25/2025 04:10:17 PM
34,1.00,08/25/2025 04:01:05 PM
-1,1.00,08/25/2025 03:50:17 PM
33,1.00,08/25/2025 03:40:03 PM
26,1.00,08/25/2025 03:30:50 PM
31,1.00,08/25/2025 03:20:35 PM
33,1.00,08/25/2025 03:10:17 PM
37,1.00,08/25/2025 03:01:06 PM
33,1.00,08/25/2025 02:50:16 PM
19,1.00,08/25/2025 02:40:02 PM
40,1.00,08/25/2025 02:30:49 PM
40,1.00,08/25/2025 02:20:34 PM
41,1.00,08/25/2025 02:10:16 PM
18,1.00,08/25/2025 02:01:05 PM
38,1.00,08/25/2025 01:50:16 PM
41,1.00,08/25/2025 01:40:02 PM
31,1.00,08/25/2025 01:30:49 PM
32,1.00,08/25/2025 01:20:35 PM
30,1.00,08/25/2025 01:10:16 PM
31,1.00,08/25/2025 01:01:05 PM
36,1.00,08/25/2025 12:50:16 PM
37,1.00,08/25/2025 12:40:02 PM
37,1.00,08/25/2025 12:30:49 PM
33,1.00,08/25/2025 12:20:34 PM
16,1.00,08/25/2025 12:10:16 PM
23,1.00,08/25/2025 12:01:04 PM
32,1.00,08/25/2025 11:50:16 AM
41,1.00,08/25/2025 11:40:02 AM
32,1.00,08/25/2025 11:30:49 AM
32,1.00,08/25/2025 11:20:34 AM
16,1.00,08/25/2025 11:10:16 AM
17,1.00,08/25/2025 11:01:04 AM
35,1.00,08/25/2025 10:50:16 AM
30,1.00,08/25/2025 10:40:03 AM
33,1.00,08/25/2025 10:30:50 AM
31,1.00,08/25/2025 10:20:35 AM
35,1.00,08/25/2025 10:10:16 AM
36,1.00,08/25/2025 10:01:04 AM
41,1.00,08/25/2025 09:50:16 AM
38,1.00,08/25/2025 09:40:04 AM
37,1.00,08/25/2025 09:30:49 AM
41,1.00,08/25/2025 09:20:35 AM
31,1.00,08/25/2025 09:10:17 AM
28,1.00,08/25/2025 09:01:05 AM
41,1.00,08/25/2025 08:50:17 AM
35,1.00,08/25/2025 08:40:02 AM
33,1.00,08/25/2025 08:30:50 AM
34,1.00,08/25/2025 08:20:36 AM
33,1.00,08/25/2025 08:10:17 AM
31,1.00,08/25/2025 08:01:05 AM
35,1.00,08/25/2025 07:50:17 AM
31,1.00,08/25/2025 07:40:05 AM
35,1.00,08/25/2025 07:30:49 AM
35,1.00,08/25/2025 07:20:35 AM
33,1.00,08/25/2025 07:10:16 AM
38,1.00,08/25/2025 07:01:04 AM
33,1.00,08/25/2025 06:50:17 AM
15,1.00,08/25/2025 06:40:04 AM
38,1.00,08/25/2025 06:30:49 AM
27,1.00,08/25/2025 06:20:34 AM
-1,1.00,08/25/2025 06:10:16 AM
35,1.00,08/25/2025 06:01:04 AM
-1,1.00,08/25/2025 05:50:16 AM
41,1.00,08/25/2025 05:40:02 AM
-1,1.00,08/25/2025 05:30:48 AM
29,1.00,08/25/2025 05:20:34 AM
-1,1.00,08/25/2025 05:10:15 AM
17,1.00,08/25/2025 05:01:03 AM
28,1.00,08/25/2025 04:50:15 AM
-1,1.00,08/25/2025 04:40:01 AM
-1,1.00,08/25/2025 04:30:47 AM
-1,1.00,08/25/2025 04:20:33 AM
29,1.00,08/25/2025 04:10:14 AM
34,1.00,08/25/2025 04:01:02 AM
-1,1.00,08/25/2025 03:50:15 AM
-1,1.00,08/25/2025 03:40:01 AM
31,1.00,08/25/2025 03:30:47 AM
-1,1.00,08/25/2025 03:20:33 AM
-1,1.00,08/25/2025 03:10:14 AM
-1,1.00,08/25/2025 03:01:02 AM
41,1.00,08/25/2025 02:50:14 AM
-1,1.00,08/25/2025 02:40:01 AM
34,1.00,08/25/2025 02:30:47 AM
25,1.00,08/25/2025 02:20:32 AM
26,1.00,08/25/2025 02:10:15 AM
15,1.00,08/25/2025 02:01:02 AM
29,1.00,08/25/2025 01:50:14 AM
23,1.00,08/25/2025 01:40:01 AM
-1,1.00,08/25/2025 01:30:48 AM
32,1.00,08/25/2025 01:20:33 AM
-1,1.00,08/25/2025 01:10:15 AM
40,1.00,08/25/2025 01:01:02 AM
-1,1.00,08/25/2025 12:50:15 AM
-1,1.00,08/25/2025 12:40:01 AM
33,1.00,08/25/2025 12:30:48 AM
31,1.00,08/25/2025 12:20:33 AM
27,1.00,08/25/2025 12:10:15 AM
32,1.00,08/25/2025 12:01:03 AM
-1,1.00,08/24/2025 11:50:15 PM
37,1.00,08/24/2025 11:40:01 PM
-1,1.00,08/24/2025 11:30:48 PM
31,1.00,08/24/2025 11:20:33 PM
41,1.00,08/24/2025 11:10:15 PM
31,1.00,08/24/2025 11:01:03 PM
17,1.00,08/24/2025 10:50:15 PM
34,1.00,08/24/2025 10:40:01 PM
34,1.00,08/24/2025 10:30:48 PM
30,1.00,08/24/2025 10:20:33 PM
-1,1.00,08/24/2025 10:10:16 PM
-1,1.00,08/24/2025 10:01:04 PM
16,1.00,08/24/2025 09:50:15 PM
31,1.00,08/24/2025 09:40:01 PM
38,1.00,08/24/2025 09:30:49 PM
-1,1.00,08/24/2025 09:20:33 PM
27,1.00,08/24/2025 09:10:16 PM
31,1.00,08/24/2025 09:01:04 PM
29,1.00,08/24/2025 08:50:15 PM
-1,1.00,08/24/2025 08:40:01 PM
31,1.00,08/24/2025 08:30:49 PM
35,1.00,08/24/2025 08:20:34 PM
29,1.00,08/24/2025 08:10:16 PM
35,1.00,08/24/2025 08:01:04 PM
-1,1.00,08/24/2025 07:50:15 PM
28,1.00,08/24/2025 07:40:01 PM
37,1.00,08/24/2025 07:30:49 PM
-1,1.00,08/24/2025 07:20:33 PM
38,1.00,08/24/2025 07:10:16 PM
40,1.00,08/24/2025 07:01:04 PM
17,1.00,08/24/2025 06:50:15 PM
33,1.00,08/24/2025 06:40:01 PM
23,1.00,08/24/2025 06:30:49 PM
36,1.00,08/24/2025 06:20:34 PM
19,1.00,08/24/2025 06:10:17 PM
41,1.00,08/24/2025 06:01:04 PM
33,1.00,08/24/2025 05:50:15 PM
35,1.00,08/24/2025 05:40:01 PM
31,1.00,08/24/2025 05:30:49 PM
-1,1.00,08/24/2025 05:20:35 PM
38,1.00,08/24/2025 05:10:16 PM
40,1.00,08/24/2025 05:01:04 PM
37,1.00,08/24/2025 04:50:19 PM
35,1.00,08/24/2025 04:40:02 PM
39,1.00,08/24/2025 04:30:49 PM
25,1.00,08/24/2025 04:20:35 PM
33,1.00,08/24/2025 04:10:16 PM
41,1.00,08/24/2025 04:01:04 PM
41,1.00,08/24/2025 03:50:16 PM
32,1.00,08/24/2025 03:40:01 PM
36,1.00,08/24/2025 03:30:49 PM
31,1.00,08/24/2025 03:20:34 PM
-1,1.00,08/24/2025 03:10:15 PM
41,1.00,08/24/2025 03:01:04 PM
33,1.00,08/24/2025 02:50:16 PM
18,1.00,08/24/2025 02:40:01 PM
41,1.00,08/24/2025 02:30:48 PM
20,1.00,08/24/2025 02:20:34 PM
34,1.00,08/24/2025 02:10:16 PM
36,1.00,08/24/2025 02:01:04 PM
-1,1.00,08/24/2025 01:50:16 PM
31,1.00,08/24/2025 01:40:02 PM
41,1.00,08/24/2025 01:30:48 PM
25,1.00,08/24/2025 01:20:34 PM
41,1.00,08/24/2025 01:10:15 PM
17,1.00,08/24/2025 01:01:04 PM
39,1.00,08/24/2025 12:50:16 PM
41,1.00,08/24/2025 12:40:02 PM
-1,1.00,08/24/2025 12:30:49 PM
34,1.00,08/24/2025 12:20:35 PM
41,1.00,08/24/2025 12:10:15 PM
35,1.00,08/24/2025 12:01:04 PM
40,1.00,08/24/2025 11:50:16 AM
41,1.00,08/24/2025 11:40:02 AM
31,1.00,08/24/2025 11:30:48 AM
38,1.00,08/24/2025 11:20:34 AM
32,1.00,08/24/2025 11:10:15 AM
31,1.00,08/24/2025 11:01:03 AM
35,1.00,08/24/2025 10:50:17 AM
40,1.00,08/24/2025 10:40:02 AM
31,1.00,08/24/2025 10:30:49 AM
39,1.00,08/24/2025 10:20:34 AM
39,1.00,08/24/2025 10:10:16 AM
29,1.00,08/24/2025 10:01:04 AM
-1,1.00,08/24/2025 09:50:15 AM
29,1.00,08/24/2025 09:40:02 AM
19,1.00,08/24/2025 09:30:49 AM
41,1.00,08/24/2025 09:20:34 AM
-1,1.00,08/24/2025 09:10:16 AM
18,1.00,08/24/2025 09:01:04 AM
37,1.00,08/24/2025 08:50:15 AM
-1,1.00,08/24/2025 08:40:02 AM
15,1.00,08/24/2025 08:30:49 AM
37,1.00,08/24/2025 08:20:34 AM
33,1.00,08/24/2025 08:10:16 AM
34,1.00,08/24/2025 08:01:04 AM
-1,1.00,08/24/2025 07:50:15 AM
-1,1.00,08/24/2025 07:40:01 AM
31,1.00,08/24/2025 07:30:48 AM
40,1.00,08/24/2025 07:20:33 AM
40,1.00,08/24/2025 07:10:15 AM
31,1.00,08/24/2025 07:01:03 AM
41,1.00,08/24/2025 06:50:15 AM
18,1.00,08/24/2025 06:40:01 AM
35,1.00,08/24/2025 06:30:48 AM
-1,1.00,08/24/2025 06:20:33 AM
30,1.00,08/24/2025 06:10:15 AM
-1,1.00,08/24/2025 06:01:03 AM
32,1.00,08/24/2025 05:50:15 AM
41,1.00,08/24/2025 05:40:01 AM
-1,1.00,08/24/2025 05:30:48 AM
25,1.00,08/24/2025 05:20:32 AM
35,1.00,08/24/2025 05:10:15 AM
39,1.00,08/24/2025 05:01:03 AM
-1,1.00,08/24/2025 04:50:14 AM
35,1.00,08/24/2025 04:40:01 AM
39,1.00,08/24/2025 04:30:48 AM
-1,1.00,08/24/2025 04:20:32 AM
-1,1.00,08/24/2025 04:10:15 AM
18,1.00,08/24/2025 04:01:03 AM
40,1.00,08/24/2025 03:50:14 AM
-1,1.00,08/24/2025 03:40:00 AM
27,1.00,08/24/2025 03:30:47 AM
-1,1.00,08/24/2025 03:20:32 AM
31,1.00,08/24/2025 03:10:14 AM
22,1.00,08/24/2025 03:01:02 AM
23,1.00,08/24/2025 02:50:14 AM
16,1.00,08/24/2025 02:40:00 AM
29,1.00,08/24/2025 02:30:47 AM
-1,1.00,08/24/2025 02:20:32 AM
-1,1.00,08/24/2025 02:10:14 AM
19,1.00,08/24/2025 02:01:02 AM
41,1.00,08/24/2025 01:50:15 AM
35,1.00,08/24/2025 01:40:00 AM
-1,1.00,08/24/2025 01:30:47 AM
15,1.00,08/24/2025 01:20:33 AM
33,1.00,08/24/2025 01:10:14 AM
-1,1.00,08/24/2025 01:01:03 AM
26,1.00,08/24/2025 12:50:15 AM
15,1.00,08/24/2025 12:40:01 AM
40,1.00,08/24/2025 12:30:47 AM
28,1.00,08/24/2025 12:20:33 AM
14,1.00,08/24/2025 12:10:15 AM
31,1.00,08/24/2025 12:01:04 AM
30,1.00,08/23/2025 11:50:15 PM
29,1.00,08/23/2025 11:40:01 PM
-1,1.00,08/23/2025 11:30:48 PM
-1,1.00,08/23/2025 11:20:33 PM
17,1.00,08/23/2025 11:10:15 PM
33,1.00,08/23/2025 11:01:03 PM
16,1.00,08/23/2025 10:50:15 PM
40,1.00,08/23/2025 10:40:02 PM
31,1.00,08/23/2025 10:30:49 PM
15,1.00,08/23/2025 10:20:34 PM
39,1.00,08/23/2025 10:10:16 PM
35,1.00,08/23/2025 10:01:04 PM
18,1.00,08/23/2025 09:50:15 PM
37,1.00,08/23/2025 09:40:02 PM
25,1.00,08/23/2025 09:30:49 PM
38,1.00,08/23/2025 09:20:33 PM
-1,1.00,08/23/2025 09:10:16 PM
15,1.00,08/23/2025 09:01:04 PM
38,1.00,08/23/2025 08:50:16 PM
29,1.00,08/23/2025 08:40:02 PM
-1,1.00,08/23/2025 08:30:49 PM
16,1.00,08/23/2025 08:20:34 PM
26,1.00,08/23/2025 08:10:16 PM
33,1.00,08/23/2025 08:01:04 PM
28,1.00,08/23/2025 07:50:15 PM
32,1.00,08/23/2025 07:40:02 PM
38,1.00,08/23/2025 07:30:49 PM
38,1.00,08/23/2025 07:20:34 PM
40,1.00,08/23/2025 07:10:16 PM
40,1.00,08/23/2025 07:01:04 PM
41,1.00,08/23/2025 06:50:15 PM
33,1.00,08/23/2025 06:40:02 PM
20,1.00,08/23/2025 06:30:49 PM
31,1.00,08/23/2025 06:20:34 PM
18,1.00,08/23/2025 06:10:17 PM
35,1.00,08/23/2025 06:01:04 PM
20,1.00,08/23/2025 05:50:16 PM
40,1.00,08/23/2025 05:40:04 PM
31,1.00,08/23/2025 05:30:49 PM
35,1.00,08/23/2025 05:20:35 PM
40,1.00,08/23/2025 05:10:16 PM
21,1.00,08/23/2025 05:01:04 PM
41,1.00,08/23/2025 04:50:16 PM
34,1.00,08/23/2025 04:40:03 PM
35,1.00,08/23/2025 04:30:49 PM
35,1.00,08/23/2025 04:20:34 PM
20,1.00,08/23/2025 04:10:17 PM
37,1.00,08/23/2025 04:01:04 PM
40,1.00,08/23/2025 03:50:17 PM
41,1.00,08/23/2025 03:40:02 PM
40,1.00,08/23/2025 03:30:49 PM
28,1.00,08/23/2025 03:20:35 PM
34,1.00,08/23/2025 03:10:16 PM
31,1.00,08/23/2025 03:01:04 PM
29,1.00,08/23/2025 02:50:16 PM
37,1.00,08/23/2025 02:40:02 PM
31,1.00,08/23/2025 02:30:49 PM
-1,1.00,08/23/2025 02:20:35 PM
32,1.00,08/23/2025 02:10:20 PM
41,1.00,08/23/2025 02:01:04 PM
18,1.00,08/23/2025 01:50:16 PM
34,1.00,08/23/2025 01:40:02 PM
33,1.00,08/23/2025 01:30:51 PM
29,1.00,08/23/2025 01:20:34 PM
41,1.00,08/23/2025 01:10:16 PM
39,1.00,08/23/2025 01:01:04 PM
23,1.00,08/23/2025 12:50:16 PM
40,1.00,08/23/2025 12:40:02 PM
36,1.00,08/23/2025 12:30:49 PM
33,1.00,08/23/2025 12:20:34 PM
30,1.00,08/23/2025 12:10:16 PM
33,1.00,08/23/2025 12:01:04 PM
38,1.00,08/23/2025 11:50:16 AM
30,1.00,08/23/2025 11:40:02 AM
18,1.00,08/23/2025 11:30:48 AM
34,1.00,08/23/2025 11:20:34 AM
41,1.00,08/23/2025 11:10:16 AM
38,1.00,08/23/2025 11:01:04 AM
19,1.00,08/23/2025 10:50:16 AM
37,1.00,08/23/2025 10:40:02 AM
-1,1.00,08/23/2025 10:30:49 AM
14,1.00,08/23/2025 10:20:34 AM
35,1.00,08/23/2025 10:10:16 AM
31,1.00,08/23/2025 10:01:04 AM
38,1.00,08/23/2025 09:50:16 AM
36,1.00,08/23/2025 09:40:02 AM
31,1.00,08/23/2025 09:30:49 AM
35,1.00,08/23/2025 09:20:35 AM
41,1.00,08/23/2025 09:10:16 AM
41,1.00,08/23/2025 09:01:04 AM
38,1.00,08/23/2025 08:50:16 AM
32,1.00,08/23/2025 08:40:02 AM
34,1.00,08/23/2025 08:30:49 AM
36,1.00,08/23/2025 08:20:34 AM
29,1.00,08/23/2025 08:10:16 AM
38,1.00,08/23/2025 08:01:04 AM
31,1.00,08/23/2025 07:50:15 AM
-1,1.00,08/23/2025 07:40:01 AM
40,1.00,08/23/2025 07:30:49 AM
36,1.00,08/23/2025 07:20:34 AM
-1,1.00,08/23/2025 07:10:16 AM
-1,1.00,08/23/2025 07:01:03 AM
32,1.00,08/23/2025 06:50:15 AM
-1,1.00,08/23/2025 06:40:01 AM
29,1.00,08/23/2025 06:30:48 AM
-1,1.00,08/23/2025 06:20:33 AM
-1,1.00,08/23/2025 06:10:15 AM
41,1.00,08/23/2025 06:01:04 AM
-1,1.00,08/23/2025 05:50:15 AM
31,1.00,08/23/2025 05:40:01 AM
16,1.00,08/23/2025 05:30:48 AM
25,1.00,08/23/2025 05:20:33 AM
31,1.00,08/23/2025 05:10:15 AM
15,1.00,08/23/2025 05:01:03 AM
41,1.00,08/23/2025 04:50:14 AM
31,1.00,08/23/2025 04:40:00 AM
37,1.00,08/23/2025 04:30:48 AM
31,1.00,08/23/2025 04:20:32 AM
18,1.00,08/23/2025 04:10:14 AM
36,1.00,08/23/2025 04:01:03 AM
-1,1.00,08/23/2025 03:50:14 AM
-1,1.00,08/23/2025 03:40:00 AM
16,1.00,08/23/2025 03:30:47 AM
33,1.00,08/23/2025 03:20:32 AM
-1,1.00,08/23/2025 03:10:14 AM
15,1.00,08/23/2025 03:01:02 AM
31,1.00,08/23/2025 02:50:14 AM
33,1.00,08/23/2025 02:40:00 AM
-1,1.00,08/23/2025 02:30:47 AM
17,1.00,08/23/2025 02:20:33 AM
33,1.00,08/23/2025 02:10:14 AM
37,1.00,08/23/2025 02:01:02 AM
-1,1.00,08/23/2025 01:50:14 AM
30,1.00,08/23/2025 01:40:00 AM
-1,1.00,08/23/2025 01:30:47 AM
31,1.00,08/23/2025 01:20:33 AM
36,1.00,08/23/2025 01:10:14 AM
-1,1.00,08/23/2025 01:01:03 AM
-1,1.00,08/23/2025 12:50:15 AM
38,1.00,08/23/2025 12:40:01 AM
-1,1.00,08/23/2025 12:30:47 AM
31,1.00,08/23/2025 12:20:33 AM
32,1.00,08/23/2025 12:10:14 AM
-1,1.00,08/23/2025 12:01:04 AM
33,1.00,08/22/2025 11:50:15 PM
36,1.00,08/22/2025 11:40:01 PM
41,1.00,08/22/2025 11:30:48 PM
29,1.00,08/22/2025 11:20:34 PM
37,1.00,08/22/2025 11:10:16 PM
16,1.00,08/22/2025 11:01:03 PM
41,1.00,08/22/2025 10:50:16 PM
35,1.00,08/22/2025 10:40:02 PM
38,1.00,08/22/2025 10:30:49 PM
31,1.00,08/22/2025 10:20:34 PM
-1,1.00,08/22/2025 10:10:16 PM
28,1.00,08/22/2025 10:01:04 PM
29,1.00,08/22/2025 09:50:16 PM
18,1.00,08/22/2025 09:40:02 PM
30,1.00,08/22/2025 09:30:49 PM
30,1.00,08/22/2025 09:20:34 PM
33,1.00,08/22/2025 09:10:16 PM
33,1.00,08/22/2025 09:01:03 PM
35,1.00,08/22/2025 08:50:16 PM
34,1.00,08/22/2025 08:40:02 PM
23,1.00,08/22/2025 08:30:49 PM
35,1.00,08/22/2025 08:20:34 PM
31,1.00,08/22/2025 08:10:16 PM
33,1.00,08/22/2025 08:01:03 PM
38,1.00,08/22/2025 07:50:16 PM
35,1.00,08/22/2025 07:40:02 PM
35,1.00,08/22/2025 07:30:49 PM
37,1.00,08/22/2025 07:20:35 PM
39,1.00,08/22/2025 07:10:16 PM
33,1.00,08/22/2025 07:01:05 PM
41,1.00,08/22/2025 06:50:16 PM
36,1.00,08/22/2025 06:40:03 PM
41,1.00,08/22/2025 06:30:50 PM
36,1.00,08/22/2025 06:20:37 PM
41,1.00,08/22/2025 06:10:17 PM
36,1.00,08/22/2025 06:01:05 PM
32,1.00,08/22/2025 05:50:18 PM
35,1.00,08/22/2025 05:40:03 PM
29,1.00,08/22/2025 05:30:50 PM
35,1.00,08/22/2025 05:20:36 PM
35,1.00,08/22/2025 05:10:17 PM
26,1.00,08/22/2025 05:01:05 PM
36,1.00,08/22/2025 04:50:17 PM
36,1.00,08/22/2025 04:40:03 PM
-1,1.00,08/22/2025 04:30:50 PM
31,1.00,08/22/2025 04:20:38 PM
35,1.00,08/22/2025 04:10:17 PM
20,1.00,08/22/2025 04:01:05 PM
35,1.00,08/22/2025 03:50:17 PM
33,1.00,08/22/2025 03:40:02 PM
35,1.00,08/22/2025 03:30:50 PM
39,1.00,08/22/2025 03:20:35 PM
19,1.00,08/22/2025 03:10:17 PM
14,1.00,08/22/2025 03:01:05 PM
33,1.00,08/22/2025 02:50:16 PM
39,1.00,08/22/2025 02:40:02 PM
38,1.00,08/22/2025 02:30:49 PM
35,1.00,08/22/2025 02:20:35 PM
38,1.00,08/22/2025 02:10:16 PM
31,1.00,08/22/2025 02:01:04 PM
18,1.00,08/22/2025 01:50:16 PM
34,1.00,08/22/2025 01:40:02 PM
34,1.00,08/22/2025 01:30:49 PM
34,1.00,08/22/2025 01:20:34 PM
30,1.00,08/22/2025 01:10:16 PM
-1,1.00,08/22/2025 01:01:04 PM
-1,1.00,08/22/2025 12:50:16 PM
29,1.00,08/22/2025 12:40:02 PM
33,1.00,08/22/2025 12:30:49 PM
29,1.00,08/22/2025 12:20:34 PM
41,1.00,08/22/2025 12:10:16 PM
-1,1.00,08/22/2025 12:01:04 PM
18,1.00,08/22/2025 11:50:16 AM
32,1.00,08/22/2025 11:40:02 AM
25,1.00,08/22/2025 11:30:49 AM
29,1.00,08/22/2025 11:20:34 AM
25,1.00,08/22/2025 11:10:16 AM
37,1.00,08/22/2025 11:01:04 AM
36,1.00,08/22/2025 10:50:16 AM
33,1.00,08/22/2025 10:40:04 AM
36,1.00,08/22/2025 10:30:49 AM
36,1.00,08/22/2025 10:20:36 AM
35,1.00,08/22/2025 10:10:16 AM
38,1.00,08/22/2025 10:01:07 AM
17,1.00,08/22/2025 09:50:16 AM
41,1.00,08/22/2025 09:40:03 AM
38,1.00,08/22/2025 09:30:50 AM
38,1.00,08/22/2025 09:20:37 AM
18,1.00,08/22/2025 09:10:16 AM
33,1.00,08/22/2025 09:01:05 AM
41,1.00,08/22/2025 08:50:16 AM
35,1.00,08/22/2025 08:40:03 AM
31,1.00,08/22/2025 08:30:50 AM
33,1.00,08/22/2025 08:20:35 AM
40,1.00,08/22/2025 08:10:17 AM
31,1.00,08/22/2025 08:01:05 AM
31,1.00,08/22/2025 07:50:16 AM
28,1.00,08/22/2025 07:40:04 AM
25,1.00,08/22/2025 07:30:50 AM
41,1.00,08/22/2025 07:20:35 AM
31,1.00,08/22/2025 07:10:16 AM
38,1.00,08/22/2025 07:01:04 AM
38,1.00,08/22/2025 06:50:18 AM
-1,1.00,08/22/2025 06:40:03 AM
-1,1.00,08/22/2025 06:30:49 AM
22,1.00,08/22/2025 06:20:35 AM
23,1.00,08/22/2025 06:10:16 AM
36,1.00,08/22/2025 06:01:04 AM
-1,1.00,08/22/2025 05:50:16 AM
41,1.00,08/22/2025 05:40:02 AM
31,1.00,08/22/2025 05:30:48 AM
31,1.00,08/22/2025 05:20:34 AM
-1,1.00,08/22/2025 05:10:16 AM
30,1.00,08/22/2025 05:01:03 AM
32,1.00,08/22/2025 04:50:15 AM
-1,1.00,08/22/2025 04:40:01 AM
22,1.00,08/22/2025 04:30:48 AM
26,1.00,08/22/2025 04:20:33 AM
-1,1.00,08/22/2025 04:10:15 AM
32,1.00,08/22/2025 04:01:02 AM
-1,1.00,08/22/2025 03:50:15 AM
-1,1.00,08/22/2025 03:40:00 AM
18,1.00,08/22/2025 03:30:48 AM
31,1.00,08/22/2025 03:20:32 AM
-1,1.00,08/22/2025 03:10:15 AM
31,1.00,08/22/2025 03:01:03 AM
-1,1.00,08/22/2025 02:50:14 AM
19,1.00,08/22/2025 02:40:00 AM
26,1.00,08/22/2025 02:30:48 AM
31,1.00,08/22/2025 02:20:32 AM
21,1.00,08/22/2025 02:10:15 AM
-1,1.00,08/22/2025 02:01:03 AM
39,1.00,08/22/2025 01:50:14 AM
-1,1.00,08/22/2025 01:40:00 AM
31,1.00,08/22/2025 01:30:48 AM
31,1.00,08/22/2025 01:20:33 AM
16,1.00,08/22/2025 01:10:15 AM
31,1.00,08/22/2025 01:01:03 AM
19,1.00,08/22/2025 12:50:15 AM
41,1.00,08/22/2025 12:40:00 AM
-1,1.00,08/22/2025 12:30:48 AM
35,1.00,08/22/2025 12:20:33 AM
31,1.00,08/22/2025 12:10:15 AM
-1,1.00,08/22/2025 12:01:04 AM
32,1.00,08/21/2025 11:50:15 PM
24,1.00,08/21/2025 11:40:01 PM
40,1.00,08/21/2025 11:30:48 PM
31,1.00,08/21/2025 11:20:34 PM
17,1.00,08/21/2025 11:10:15 PM
33,1.00,08/21/2025 11:01:03 PM
19,1.00,08/21/2025 10:50:15 PM
31,1.00,08/21/2025 10:40:02 PM
19,1.00,08/21/2025 10:30:48 PM
25,1.00,08/21/2025 10:20:34 PM
29,1.00,08/21/2025 10:10:16 PM
29,1.00,08/21/2025 10:01:04 PM
27,1.00,08/21/2025 09:50:15 PM
31,1.00,08/21/2025 09:40:02 PM
31,1.00,08/21/2025 09:30:48 PM
27,1.00,08/21/2025 09:20:34 PM
33,1.00,08/21/2025 09:10:15 PM
34,1.00,08/21/2025 09:01:04 PM
25,1.00,08/21/2025 08:50:16 PM
31,1.00,08/21/2025 08:40:02 PM
35,1.00,08/21/2025 08:30:49 PM
34,1.00,08/21/2025 08:20:35 PM
31,1.00,08/21/2025 08:10:15 PM
33,1.00,08/21/2025 08:01:04 PM
39,1.00,08/21/2025 07:50:19 PM
35,1.00,08/21/2025 07:40:02 PM
33,1.00,08/21/2025 07:30:50 PM
14,1.00,08/21/2025 07:20:35 PM
20,1.00,08/21/2025 07:10:17 PM
38,1.00,08/21/2025 07:01:04 PM
32,1.00,08/21/2025 06:50:17 PM
39,1.00,08/21/2025 06:40:03 PM
37,1.00,08/21/2025 06:30:50 PM
41,1.00,08/21/2025 06:20:36 PM
-1,1.00,08/21/2025 06:10:17 PM
-1,1.00,08/21/2025 06:01:05 PM
-1,1.00,08/21/2025 05:50:17 PM
18,1.00,08/21/2025 05:40:03 PM
37,1.00,08/21/2025 05:30:50 PM
29,1.00,08/21/2025 05:20:37 PM
35,1.00,08/21/2025 05:10:17 PM
18,1.00,08/21/2025 05:01:05 PM
31,1.00,08/21/2025 04:50:17 PM
35,1.00,08/21/2025 04:40:04 PM
16,1.00,08/21/2025 04:30:50 PM
36,1.00,08/21/2025 04:20:36 PM
38,1.00,08/21/2025 04:10:17 PM
33,1.00,08/21/2025 04:01:05 PM
33,1.00,08/21/2025 03:50:17 PM
18,1.00,08/21/2025 03:40:03 PM
28,1.00,08/21/2025 03:30:50 PM
19,1.00,08/21/2025 03:20:35 PM
34,1.00,08/21/2025 03:10:17 PM
40,1.00,08/21/2025 03:01:05 PM
35,1.00,08/21/2025 02:50:16 PM
19,1.00,08/21/2025 02:40:02 PM
-1,1.00,08/21/2025 02:30:49 PM
33,1.00,08/21/2025 02:20:34 PM
41,1.00,08/21/2025 02:10:16 PM
27,1.00,08/21/2025 02:01:04 PM
34,1.00,08/21/2025 01:50:16 PM
34,1.00,08/21/2025 01:40:02 PM
27,1.00,08/21/2025 01:30:50 PM
31,1.00,08/21/2025 01:20:36 PM
23,1.00,08/21/2025 01:10:16 PM
35,1.00,08/21/2025 01:01:04 PM
-1,1.00,08/21/2025 12:50:16 PM
16,1.00,08/21/2025 12:40:03 PM
25,1.00,08/21/2025 12:30:49 PM
41,1.00,08/21/2025 12:20:35 PM
14,1.00,08/21/2025 12:10:16 PM
40,1.00,08/21/2025 12:01:04 PM
16,1.00,08/21/2025 11:50:16 AM
41,1.00,08/21/2025 11:40:02 AM
36,1.00,08/21/2025 11:30:49 AM
33,1.00,08/21/2025 11:20:34 AM
34,1.00,08/21/2025 11:10:16 AM
33,1.00,08/21/2025 11:01:04 AM
16,1.00,08/21/2025 10:50:16 AM
38,1.00,08/21/2025 10:40:03 AM
40,1.00,08/21/2025 10:30:49 AM
38,1.00,08/21/2025 10:20:35 AM
35,1.00,08/21/2025 10:10:17 AM
39,1.00,08/21/2025 10:01:04 AM
37,1.00,08/21/2025 09:50:16 AM
34,1.00,08/21/2025 09:40:03 AM
40,1.00,08/21/2025 09:30:49 AM
32,1.00,08/21/2025 09:20:36 AM
-1,1.00,08/21/2025 09:10:16 AM
17,1.00,08/21/2025 09:01:05 AM
29,1.00,08/21/2025 08:50:16 AM
38,1.00,08/21/2025 08:40:03 AM
33,1.00,08/21/2025 08:30:50 AM
18,1.00,08/21/2025 08:20:36 AM
35,1.00,08/21/2025 08:10:17 AM
-1,1.00,08/21/2025 08:01:05 AM
31,1.00,08/21/2025 07:50:17 AM
38,1.00,08/21/2025 07:40:03 AM
27,1.00,08/21/2025 07:30:49 AM
31,1.00,08/21/2025 07:20:38 AM
29,1.00,08/21/2025 07:10:16 AM
35,1.00,08/21/2025 07:01:04 AM
31,1.00,08/21/2025 06:50:17 AM
40,1.00,08/21/2025 06:40:03 AM
31,1.00,08/21/2025 06:30:49 AM
32,1.00,08/21/2025 06:20:35 AM
-1,1.00,08/21/2025 06:10:16 AM
-1,1.00,08/21/2025 06:01:04 AM
-1,1.00,08/21/2025 05:50:16 AM
38,1.00,08/21/2025 05:40:02 AM
-1,1.00,08/21/2025 05:30:48 AM
33,1.00,08/21/2025 05:20:34 AM
-1,1.00,08/21/2025 05:10:15 AM
33,1.00,08/21/2025 05:01:03 AM
-1,1.00,08/21/2025 04:50:15 AM
-1,1.00,08/21/2025 04:40:01 AM
22,1.00,08/21/2025 04:30:47 AM
37,1.00,08/21/2025 04:20:33 AM
-1,1.00,08/21/2025 04:10:15 AM
-1,1.00,08/21/2025 04:01:02 AM
-1,1.00,08/21/2025 03:50:15 AM
-1,1.00,08/21/2025 03:40:01 AM
-1,1.00,08/21/2025 03:30:48 AM
-1,1.00,08/21/2025 03:20:32 AM
-1,1.00,08/21/2025 03:10:15 AM
34,1.00,08/21/2025 03:01:02 AM
-1,1.00,08/21/2025 02:50:15 AM
18,1.00,08/21/2025 02:40:00 AM
31,1.00,08/21/2025 02:30:48 AM
17,1.00,08/21/2025 02:20:32 AM
30,1.00,08/21/2025 02:10:15 AM
31,1.00,08/21/2025 02:01:03 AM
16,1.00,08/21/2025 01:50:15 AM
-1,1.00,08/21/2025 01:40:01 AM
38,1.00,08/21/2025 01:30:48 AM
31,1.00,08/21/2025 01:20:33 AM
34,1.00,08/21/2025 01:10:15 AM
-1,1.00,08/21/2025 01:01:03 AM
-1,1.00,08/21/2025 12:50:15 AM
23,1.00,08/21/2025 12:40:01 AM
25,1.00,08/21/2025 12:30:48 AM
30,1.00,08/21/2025 12:20:33 AM
16,1.00,08/21/2025 12:10:15 AM
29,1.00,08/21/2025 12:01:03 AM
32,1.00,08/20/2025 11:50:15 PM
39,1.00,08/20/2025 11:40:01 PM
37,1.00,08/20/2025 11:30:48 PM
-1,1.00,08/20/2025 11:20:33 PM
41,1.00,08/20/2025 11:10:16 PM
-1,1.00,08/20/2025 11:01:03 PM
-1,1.00,08/20/2025 10:50:15 PM
35,1.00,08/20/2025 10:40:01 PM
36,1.00,08/20/2025 10:30:49 PM
18,1.00,08/20/2025 10:20:34 PM
35,1.00,08/20/2025 10:10:16 PM
29,1.00,08/20/2025 10:01:05 PM
15,1.00,08/20/2025 09:50:16 PM
31,1.00,08/20/2025 09:40:01 PM
-1,1.00,08/20/2025 09:30:49 PM
25,1.00,08/20/2025 09:20:34 PM
30,1.00,08/20/2025 09:10:16 PM
32,1.00,08/20/2025 09:01:04 PM
36,1.00,08/20/2025 08:50:16 PM
17,1.00,08/20/2025 08:40:02 PM
25,1.00,08/20/2025 08:30:49 PM
34,1.00,08/20/2025 08:20:34 PM
35,1.00,08/20/2025 08:10:16 PM
32,1.00,08/20/2025 08:01:04 PM
37,1.00,08/20/2025 07:50:17 PM
-1,1.00,08/20/2025 07:40:02 PM
41,1.00,08/20/2025 07:30:49 PM
36,1.00,08/20/2025 07:20:35 PM
20,1.00,08/20/2025 07:10:17 PM
37,1.00,08/20/2025 07:01:04 PM
36,1.00,08/20/2025 06:50:16 PM
17,1.00,08/20/2025 06:40:02 PM
36,1.00,08/20/2025 06:30:50 PM
32,1.00,08/20/2025 06:20:35 PM
21,1.00,08/20/2025 06:10:17 PM
35,1.00,08/20/2025 06:01:05 PM
31,1.00,08/20/2025 05:50:17 PM
35,1.00,08/20/2025 05:40:03 PM
39,1.00,08/20/2025 05:30:50 PM
35,1.00,08/20/2025 05:20:36 PM
27,1.00,08/20/2025 05:10:17 PM
29,1.00,08/20/2025 05:01:05 PM
31,1.00,08/20/2025 04:50:17 PM
31,1.00,08/20/2025 04:40:04 PM
38,1.00,08/20/2025 04:30:50 PM
34,1.00,08/20/2025 04:20:36 PM
32,1.00,08/20/2025 04:10:17 PM
-1,1.00,08/20/2025 04:01:06 PM
40,1.00,08/20/2025 03:50:16 PM
33,1.00,08/20/2025 03:40:04 PM
32,1.00,08/20/2025 03:30:50 PM
41,1.00,08/20/2025 03:20:36 PM
22,1.00,08/20/2025 03:10:17 PM
31,1.00,08/20/2025 03:01:05 PM
35,1.00,08/20/2025 02:50:16 PM
35,1.00,08/20/2025 02:40:03 PM
-1,1.00,08/20/2025 02:30:49 PM
33,1.00,08/20/2025 02:20:35 PM
41,1.00,08/20/2025 02:10:16 PM
-1,1.00,08/20/2025 02:01:04 PM
16,1.00,08/20/2025 01:50:16 PM
27,1.00,08/20/2025 01:40:02 PM
30,1.00,08/20/2025 01:30:49 PM
-1,1.00,08/20/2025 01:20:35 PM
41,1.00,08/20/2025 01:10:16 PM
29,1.00,08/20/2025 01:01:04 PM
40,1.00,08/20/2025 12:50:16 PM
34,1.00,08/20/2025 12:40:02 PM
34,1.00,08/20/2025 12:30:49 PM
20,1.00,08/20/2025 12:20:34 PM
33,1.00,08/20/2025 12:10:16 PM
41,1.00,08/20/2025 12:01:04 PM
33,1.00,08/20/2025 11:50:16 AM
34,1.00,08/20/2025 11:40:03 AM
41,1.00,08/20/2025 11:30:49 AM
38,1.00,08/20/2025 11:20:34 AM
41,1.00,08/20/2025 11:10:16 AM
32,1.00,08/20/2025 11:01:04 AM
41,1.00,08/20/2025 10:50:16 AM
35,1.00,08/20/2025 10:40:06 AM
33,1.00,08/20/2025 10:30:49 AM
20,1.00,08/20/2025 10:20:34 AM
38,1.00,08/20/2025 10:10:16 AM
38,1.00,08/20/2025 10:01:04 AM
30,1.00,08/20/2025 09:50:16 AM
38,1.00,08/20/2025 09:40:03 AM
19,1.00,08/20/2025 09:30:49 AM
41,1.00,08/20/2025 09:20:36 AM
41,1.00,08/20/2025 09:10:18 AM
39,1.00,08/20/2025 09:01:04 AM
38,1.00,08/20/2025 08:50:17 AM
34,1.00,08/20/2025 08:40:03 AM
34,1.00,08/20/2025 08:30:49 AM
32,1.00,08/20/2025 08:20:36 AM
38,1.00,08/20/2025 08:10:16 AM
30,1.00,08/20/2025 08:01:05 AM
33,1.00,08/20/2025 07:50:17 AM
41,1.00,08/20/2025 07:40:03 AM
32,1.00,08/20/2025 07:30:49 AM
32,1.00,08/20/2025 07:20:36 AM
34,1.00,08/20/2025 07:10:18 AM
40,1.00,08/20/2025 07:01:04 AM
35,1.00,08/20/2025 06:50:17 AM
14,1.00,08/20/2025 06:40:02 AM
41,1.00,08/20/2025 06:30:49 AM
29,1.00,08/20/2025 06:20:35 AM
25,1.00,08/20/2025 06:10:16 AM
32,1.00,08/20/2025 06:01:03 AM
-1,1.00,08/20/2025 05:50:16 AM
39,1.00,08/20/2025 05:40:02 AM
31,1.00,08/20/2025 05:30:48 AM
24,1.00,08/20/2025 05:20:33 AM
27,1.00,08/20/2025 05:10:15 AM
35,1.00,08/20/2025 05:01:03 AM
-1,1.00,08/20/2025 04:50:15 AM
-1,1.00,08/20/2025 04:40:01 AM
27,1.00,08/20/2025 04:30:48 AM
-1,1.00,08/20/2025 04:20:33 AM
31,1.00,08/20/2025 04:10:15 AM
31,1.00,08/20/2025 04:01:03 AM
-1,1.00,08/20/2025 03:50:15 AM
-1,1.00,08/20/2025 03:40:00 AM
32,1.00,08/20/2025 03:30:48 AM
31,1.00,08/20/2025 03:20:32 AM
-1,1.00,08/20/2025 03:10:15 AM
33,1.00,08/20/2025 03:01:03 AM
-1,1.00,08/20/2025 02:50:15 AM
16,1.00,08/20/2025 02:40:00 AM
23,1.00,08/20/2025 02:30:48 AM
19,1.00,08/20/2025 02:20:32 AM
32,1.00,08/20/2025 02:10:15 AM
32,1.00,08/20/2025 02:01:03 AM
-1,1.00,08/20/2025 01:50:15 AM
-1,1.00,08/20/2025 01:40:00 AM
16,1.00,08/20/2025 01:30:48 AM
41,1.00,08/20/2025 01:20:32 AM
31,1.00,08/20/2025 01:10:15 AM
29,1.00,08/20/2025 01:01:03 AM
-1,1.00,08/20/2025 12:50:15 AM
37,1.00,08/20/2025 12:40:00 AM
-1,1.00,08/20/2025 12:30:48 AM
35,1.00,08/20/2025 12:20:32 AM
-1,1.00,08/20/2025 12:10:15 AM
31,1.00,08/20/2025 12:01:03 AM
31,1.00,08/19/2025 11:50:15 PM
40,1.00,08/19/2025 11:40:01 PM
-1,1.00,08/19/2025 11:30:48 PM
33,1.00,08/19/2025 11:20:34 PM
-1,1.00,08/19/2025 11:10:15 PM
-1,1.00,08/19/2025 11:01:04 PM
29,1.00,08/19/2025 10:50:15 PM
36,1.00,08/19/2025 10:40:02 PM
17,1.00,08/19/2025 10:30:49 PM
32,1.00,08/19/2025 10:20:34 PM
20,1.00,08/19/2025 10:10:16 PM
41,1.00,08/19/2025 10:01:05 PM
17,1.00,08/19/2025 09:50:15 PM
31,1.00,08/19/2025 09:40:02 PM
-1,1.00,08/19/2025 09:30:49 PM
25,1.00,08/19/2025 09:20:34 PM
19,1.00,08/19/2025 09:10:16 PM
41,1.00,08/19/2025 09:01:04 PM
26,1.00,08/19/2025 08:50:15 PM
33,1.00,08/19/2025 08:40:02 PM
29,1.00,08/19/2025 08:30:49 PM
38,1.00,08/19/2025 08:20:34 PM
35,1.00,08/19/2025 08:10:16 PM
40,1.00,08/19/2025 08:01:04 PM
40,1.00,08/19/2025 07:50:16 PM
38,1.00,08/19/2025 07:40:02 PM
41,1.00,08/19/2025 07:30:49 PM
41,1.00,08/19/2025 07:20:35 PM
33,1.00,08/19/2025 07:10:17 PM
18,1.00,08/19/2025 07:01:04 PM
41,1.00,08/19/2025 06:50:16 PM
21,1.00,08/19/2025 06:40:03 PM
31,1.00,08/19/2025 06:30:49 PM
37,1.00,08/19/2025 06:20:35 PM
38,1.00,08/19/2025 06:10:17 PM
39,1.00,08/19/2025 06:01:05 PM
33,1.00,08/19/2025 05:50:16 PM
16,1.00,08/19/2025 05:40:03 PM
38,1.00,08/19/2025 05:30:50 PM
30,1.00,08/19/2025 05:20:38 PM
35,1.00,08/19/2025 05:10:19 PM
41,1.00,08/19/2025 05:01:05 PM
35,1.00,08/19/2025 04:50:17 PM
40,1.00,08/19/2025 04:40:04 PM
41,1.00,08/19/2025 04:30:52 PM
17,1.00,08/19/2025 04:20:36 PM
32,1.00,08/19/2025 04:10:16 PM
19,1.00,08/19/2025 04:01:05 PM
39,1.00,08/19/2025 03:50:17 PM
33,1.00,08/19/2025 03:40:03 PM
27,1.00,08/19/2025 03:30:50 PM
38,1.00,08/19/2025 03:20:36 PM
41,1.00,08/19/2025 03:10:18 PM
38,1.00,08/19/2025 03:01:06 PM
33,1.00,08/19/2025 02:50:17 PM
30,1.00,08/19/2025 02:40:02 PM
35,1.00,08/19/2025 02:30:50 PM
31,1.00,08/19/2025 02:20:35 PM
41,1.00,08/19/2025 02:10:16 PM
40,1.00,08/19/2025 02:01:04 PM
-1,1.00,08/19/2025 01:50:17 PM
18,1.00,08/19/2025 01:40:02 PM
41,1.00,08/19/2025 01:30:50 PM
33,1.00,08/19/2025 01:20:34 PM
41,1.00,08/19/2025 01:10:18 PM
33,1.00,08/19/2025 01:01:04 PM
40,1.00,08/19/2025 12:50:16 PM
23,1.00,08/19/2025 12:40:03 PM
32,1.00,08/19/2025 12:30:50 PM
16,1.00,08/19/2025 12:20:35 PM
31,1.00,08/19/2025 12:10:17 PM
17,1.00,08/19/2025 12:01:04 PM
35,1.00,08/19/2025 11:50:16 AM
36,1.00,08/19/2025 11:40:02 AM
33,1.00,08/19/2025 11:30:49 AM
41,1.00,08/19/2025 11:20:34 AM
32,1.00,08/19/2025 11:10:16 AM
34,1.00,08/19/2025 11:01:04 AM
35,1.00,08/19/2025 10:50:18 AM
41,1.00,08/19/2025 10:40:02 AM
40,1.00,08/19/2025 10:30:49 AM
37,1.00,08/19/2025 10:20:35 AM
36,1.00,08/19/2025 10:10:17 AM
31,1.00,08/19/2025 10:01:05 AM
34,1.00,08/19/2025 09:50:17 AM
36,1.00,08/19/2025 09:40:04 AM
36,1.00,08/19/2025 09:30:50 AM
37,1.00,08/19/2025 09:20:35 AM
40,1.00,08/19/2025 09:10:17 AM
32,1.00,08/19/2025 09:01:05 AM
41,1.00,08/19/2025 08:50:17 AM
30,1.00,08/19/2025 08:40:03 AM
34,1.00,08/19/2025 08:30:50 AM
31,1.00,08/19/2025 08:20:36 AM
34,1.00,08/19/2025 08:10:17 AM
35,1.00,08/19/2025 08:01:05 AM
-1,1.00,08/19/2025 07:50:17 AM
32,1.00,08/19/2025 07:40:02 AM
31,1.00,08/19/2025 07:30:50 AM
31,1.00,08/19/2025 07:20:35 AM
27,1.00,08/19/2025 07:10:19 AM
35,1.00,08/19/2025 07:01:05 AM
31,1.00,08/19/2025 06:50:16 AM
-1,1.00,08/19/2025 06:40:02 AM
37,1.00,08/19/2025 06:30:49 AM
27,1.00,08/19/2025 06:20:35 AM
-1,1.00,08/19/2025 06:10:16 AM
37,1.00,08/19/2025 06:01:04 AM
31,1.00,08/19/2025 05:50:16 AM
36,1.00,08/19/2025 05:40:01 AM
-1,1.00,08/19/2025 05:30:48 AM
31,1.00,08/19/2025 05:20:34 AM
16,1.00,08/19/2025 05:10:15 AM
27,1.00,08/19/2025 05:01:03 AM
31,1.00,08/19/2025 04:50:15 AM
-1,1.00,08/19/2025 04:40:01 AM
30,1.00,08/19/2025 04:30:47 AM
-1,1.00,08/19/2025 04:20:33 AM
-1,1.00,08/19/2025 04:10:15 AM
35,1.00,08/19/2025 04:01:02 AM
-1,1.00,08/19/2025 03:50:14 AM
29,1.00,08/19/2025 03:40:01 AM
31,1.00,08/19/2025 03:30:47 AM
-1,1.00,08/19/2025 03:20:32 AM
-1,1.00,08/19/2025 03:10:14 AM
30,1.00,08/19/2025 03:01:02 AM
-1,1.00,08/19/2025 02:50:14 AM
15,1.00,08/19/2025 02:40:01 AM
28,1.00,08/19/2025 02:30:47 AM
18,1.00,08/19/2025 02:20:32 AM
33,1.00,08/19/2025 02:10:14 AM
31,1.00,08/19/2025 02:01:02 AM
33,1.00,08/19/2025 01:50:14 AM
-1,1.00,08/19/2025 01:40:01 AM
35,1.00,08/19/2025 01:30:48 AM
26,1.00,08/19/2025 01:20:33 AM
31,1.00,08/19/2025 01:10:14 AM
27,1.00,08/19/2025 01:01:02 AM
-1,1.00,08/19/2025 12:50:15 AM
-1,1.00,08/19/2025 12:40:01 AM
31,1.00,08/19/2025 12:30:48 AM
23,1.00,08/19/2025 12:20:33 AM
-1,1.00,08/19/2025 12:10:15 AM
15,1.00,08/19/2025 12:01:03 AM
29,1.00,08/18/2025 11:50:15 PM
24,1.00,08/18/2025 11:40:01 PM
28,1.00,08/18/2025 11:30:48 PM
41,1.00,08/18/2025 11:20:33 PM
32,1.00,08/18/2025 11:10:15 PM
18,1.00,08/18/2025 11:01:03 PM
29,1.00,08/18/2025 10:50:16 PM
31,1.00,08/18/2025 10:40:01 PM
16,1.00,08/18/2025 10:30:49 PM
31,1.00,08/18/2025 10:20:33 PM
39,1.00,08/18/2025 10:10:16 PM
30,1.00,08/18/2025 10:01:04 PM
40,1.00,08/18/2025 09:50:16 PM
29,1.00,08/18/2025 09:40:02 PM
25,1.00,08/18/2025 09:30:49 PM
31,1.00,08/18/2025 09:20:34 PM
0,1.00,08/18/2025 09:10:16 PM
15,1.00,08/18/2025 09:01:04 PM
31,1.00,08/18/2025 08:50:16 PM
34,1.00,08/18/2025 08:40:02 PM
38,1.00,08/18/2025 08:30:49 PM
38,1.00,08/18/2025 08:20:35 PM
27,1.00,08/18/2025 08:10:18 PM
16,1.00,08/18/2025 08:01:04 PM
35,1.00,08/18/2025 07:50:16 PM
34,1.00,08/18/2025 07:40:03 PM
20,1.00,08/18/2025 07:30:49 PM
32,1.00,08/18/2025 07:20:35 PM
33,1.00,08/18/2025 07:10:17 PM
-1,1.00,08/18/2025 07:01:05 PM
18,1.00,08/18/2025 06:50:16 PM
30,1.00,08/18/2025 06:40:03 PM
31,1.00,08/18/2025 06:30:50 PM
29,1.00,08/18/2025 06:20:36 PM
25,1.00,08/18/2025 06:10:17 PM
29,1.00,08/18/2025 06:01:05 PM
38,1.00,08/18/2025 05:50:17 PM
-1,1.00,08/18/2025 05:40:04 PM
19,1.00,08/18/2025 05:30:50 PM
41,1.00,08/18/2025 05:20:37 PM
38,1.00,08/18/2025 05:10:19 PM
30,1.00,08/18/2025 05:01:05 PM
31,1.00,08/18/2025 04:50:20 PM
39,1.00,08/18/2025 04:40:03 PM
37,1.00,08/18/2025 04:30:50 PM
34,1.00,08/18/2025 04:20:35 PM
31,1.00,08/18/2025 04:10:17 PM
25,1.00,08/18/2025 04:01:04 PM
33,1.00,08/18/2025 03:50:17 PM
32,1.00,08/18/2025 03:40:04 PM
29,1.00,08/18/2025 03:30:50 PM
37,1.00,08/18/2025 03:20:35 PM
30,1.00,08/18/2025 03:10:16 PM
37,1.00,08/18/2025 03:01:05 PM
33,1.00,08/18/2025 02:50:17 PM
38,1.00,08/18/2025 02:40:03 PM
41,1.00,08/18/2025 02:30:49 PM
18,1.00,08/18/2025 02:20:36 PM
34,1.00,08/18/2025 02:10:16 PM
35,1.00,08/18/2025 02:01:04 PM
17,1.00,08/18/2025 01:50:16 PM
35,1.00,08/18/2025 01:40:02 PM
16,1.00,08/18/2025 01:30:49 PM
31,1.00,08/18/2025 01:20:34 PM
31,1.00,08/18/2025 01:10:17 PM
31,1.00,08/18/2025 01:01:05 PM
38,1.00,08/18/2025 12:50:16 PM
33,1.00,08/18/2025 12:40:02 PM
31,1.00,08/18/2025 12:30:49 PM
32,1.00,08/18/2025 12:20:35 PM
40,1.00,08/18/2025 12:10:16 PM
19,1.00,08/18/2025 12:01:04 PM
41,1.00,08/18/2025 11:50:16 AM
41,1.00,08/18/2025 11:40:02 AM
34,1.00,08/18/2025 11:30:49 AM
30,1.00,08/18/2025 11:20:35 AM
39,1.00,08/18/2025 11:10:16 AM
32,1.00,08/18/2025 11:01:07 AM
32,1.00,08/18/2025 10:50:16 AM
28,1.00,08/18/2025 10:40:02 AM
33,1.00,08/18/2025 10:30:50 AM
33,1.00,08/18/2025 10:20:35 AM
32,1.00,08/18/2025 10:10:17 AM
29,1.00,08/18/2025 10:01:08 AM
35,1.00,08/18/2025 09:50:16 AM
38,1.00,08/18/2025 09:40:03 AM
36,1.00,08/18/2025 09:30:50 AM
16,1.00,08/18/2025 09:20:36 AM
30,1.00,08/18/2025 09:10:19 AM
41,1.00,08/18/2025 09:01:05 AM
25,1.00,08/18/2025 08:50:17 AM
41,1.00,08/18/2025 08:40:05 AM
31,1.00,08/18/2025 08:30:50 AM
36,1.00,08/18/2025 08:20:36 AM
31,1.00,08/18/2025 08:10:17 AM
34,1.00,08/18/2025 08:01:06 AM
38,1.00,08/18/2025 07:50:17 AM
18,1.00,08/18/2025 07:40:03 AM
31,1.00,08/18/2025 07:30:52 AM
29,1.00,08/18/2025 07:20:36 AM
29,1.00,08/18/2025 07:10:17 AM
18,1.00,08/18/2025 07:01:05 AM
35,1.00,08/18/2025 06:50:16 AM
19,1.00,08/18/2025 06:40:03 AM
39,1.00,08/18/2025 06:30:49 AM
25,1.00,08/18/2025 06:20:34 AM
-1,1.00,08/18/2025 06:10:16 AM
41,1.00,08/18/2025 06:01:04 AM
-1,1.00,08/18/2025 05:50:15 AM
30,1.00,08/18/2025 05:40:02 AM
-1,1.00,08/18/2025 05:30:49 AM
31,1.00,08/18/2025 05:20:34 AM
-1,1.00,08/18/2025 05:10:15 AM
31,1.00,08/18/2025 05:01:03 AM
-1,1.00,08/18/2025 04:50:15 AM
-1,1.00,08/18/2025 04:40:01 AM
17,1.00,08/18/2025 04:30:48 AM
25,1.00,08/18/2025 04:20:33 AM
31,1.00,08/18/2025 04:10:14 AM
35,1.00,08/18/2025 04:01:02 AM
-1,1.00,08/18/2025 03:50:14 AM
-1,1.00,08/18/2025 03:40:01 AM
29,1.00,08/18/2025 03:30:47 AM
-1,1.00,08/18/2025 03:20:32 AM
-1,1.00,08/18/2025 03:10:14 AM
30,1.00,08/18/2025 03:01:02 AM
-1,1.00,08/18/2025 02:50:14 AM
-1,1.00,08/18/2025 02:40:01 AM
33,1.00,08/18/2025 02:30:47 AM
16,1.00,08/18/2025 02:20:33 AM
31,1.00,08/18/2025 02:10:14 AM
29,1.00,08/18/2025 02:01:03 AM
32,1.00,08/18/2025 01:50:14 AM
37,1.00,08/18/2025 01:40:01 AM
30,1.00,08/18/2025 01:30:48 AM
37,1.00,08/18/2025 01:20:33 AM
31,1.00,08/18/2025 01:10:14 AM
-1,1.00,08/18/2025 01:01:03 AM
37,1.00,08/18/2025 12:50:14 AM
-1,1.00,08/18/2025 12:40:01 AM
33,1.00,08/18/2025 12:30:48 AM
17,1.00,08/18/2025 12:20:33 AM
28,1.00,08/18/2025 12:10:15 AM
35,1.00,08/18/2025 12:01:03 AM
-1,1.00,08/17/2025 11:50:14 PM
41,1.00,08/17/2025 11:40:01 PM
-1,1.00,08/17/2025 11:30:48 PM
35,1.00,08/17/2025 11:20:33 PM
16,1.00,08/17/2025 11:10:15 PM
31,1.00,08/17/2025 11:01:03 PM
36,1.00,08/17/2025 10:50:15 PM
17,1.00,08/17/2025 10:40:02 PM
26,1.00,08/17/2025 10:30:48 PM
25,1.00,08/17/2025 10:20:33 PM
31,1.00,08/17/2025 10:10:15 PM
33,1.00,08/17/2025 10:01:03 PM
37,1.00,08/17/2025 09:50:16 PM
33,1.00,08/17/2025 09:40:01 PM
-1,1.00,08/17/2025 09:30:48 PM
18,1.00,08/17/2025 09:20:34 PM
33,1.00,08/17/2025 09:10:15 PM
41,1.00,08/17/2025 09:01:03 PM
31,1.00,08/17/2025 08:50:16 PM
37,1.00,08/17/2025 08:40:01 PM
18,1.00,08/17/2025 08:30:48 PM
33,1.00,08/17/2025 08:20:33 PM
30,1.00,08/17/2025 08:10:15 PM
41,1.00,08/17/2025 08:01:03 PM
-1,1.00,08/17/2025 07:50:16 PM
29,1.00,08/17/2025 07:40:01 PM
35,1.00,08/17/2025 07:30:48 PM
35,1.00,08/17/2025 07:20:33 PM
-1,1.00,08/17/2025 07:10:15 PM
41,1.00,08/17/2025 07:01:03 PM
38,1.00,08/17/2025 06:50:16 PM
18,1.00,08/17/2025 06:40:02 PM
38,1.00,08/17/2025 06:30:49 PM
17,1.00,08/17/2025 06:20:33 PM
41,1.00,08/17/2025 06:10:16 PM
32,1.00,08/17/2025 06:01:04 PM
35,1.00,08/17/2025 05:50:16 PM
-1,1.00,08/17/2025 05:40:02 PM
19,1.00,08/17/2025 05:30:48 PM
34,1.00,08/17/2025 05:20:34 PM
26,1.00,08/17/2025 05:10:16 PM
41,1.00,08/17/2025 05:01:04 PM
18,1.00,08/17/2025 04:50:16 PM
37,1.00,08/17/2025 04:40:02 PM
-1,1.00,08/17/2025 04:30:49 PM
18,1.00,08/17/2025 04:20:33 PM
41,1.00,08/17/2025 04:10:16 PM
36,1.00,08/17/2025 04:01:04 PM
41,1.00,08/17/2025 03:50:16 PM
29,1.00,08/17/2025 03:40:01 PM
31,1.00,08/17/2025 03:30:49 PM
-1,1.00,08/17/2025 03:20:34 PM
34,1.00,08/17/2025 03:10:16 PM
31,1.00,08/17/2025 03:01:05 PM
-1,1.00,08/17/2025 02:50:16 PM
37,1.00,08/17/2025 02:40:01 PM
36,1.00,08/17/2025 02:30:49 PM
31,1.00,08/17/2025 02:20:35 PM
-1,1.00,08/17/2025 02:10:16 PM
41,1.00,08/17/2025 02:01:04 PM
17,1.00,08/17/2025 01:50:16 PM
37,1.00,08/17/2025 01:40:01 PM
-1,1.00,08/17/2025 01:30:49 PM
-1,1.00,08/17/2025 01:20:34 PM
41,1.00,08/17/2025 01:10:17 PM
18,1.00,08/17/2025 01:01:04 PM
40,1.00,08/17/2025 12:50:17 PM
38,1.00,08/17/2025 12:40:02 PM
31,1.00,08/17/2025 12:30:49 PM
27,1.00,08/17/2025 12:20:34 PM
40,1.00,08/17/2025 12:10:16 PM
34,1.00,08/17/2025 12:01:04 PM
23,1.00,08/17/2025 11:50:15 AM
41,1.00,08/17/2025 11:40:02 AM
35,1.00,08/17/2025 11:30:49 AM
-1,1.00,08/17/2025 11:20:34 AM
-1,1.00,08/17/2025 11:10:15 AM
16,1.00,08/17/2025 11:01:04 AM
39,1.00,08/17/2025 10:50:15 AM
-1,1.00,08/17/2025 10:40:02 AM
39,1.00,08/17/2025 10:30:49 AM
-1,1.00,08/17/2025 10:20:34 AM
16,1.00,08/17/2025 10:10:15 AM
39,1.00,08/17/2025 10:01:03 AM
-1,1.00,08/17/2025 09:50:15 AM
18,1.00,08/17/2025 09:40:02 AM
25,1.00,08/17/2025 09:30:48 AM
41,1.00,08/17/2025 09:20:34 AM
-1,1.00,08/17/2025 09:10:15 AM
17,1.00,08/17/2025 09:01:03 AM
38,1.00,08/17/2025 08:50:15 AM
41,1.00,08/17/2025 08:40:02 AM
15,1.00,08/17/2025 08:30:48 AM
31,1.00,08/17/2025 08:20:33 AM
38,1.00,08/17/2025 08:10:15 AM
39,1.00,08/17/2025 08:01:03 AM
-1,1.00,08/17/2025 07:50:16 AM
-1,1.00,08/17/2025 07:40:01 AM
-1,1.00,08/17/2025 07:30:48 AM
41,1.00,08/17/2025 07:20:33 AM
30,1.00,08/17/2025 07:10:15 AM
31,1.00,08/17/2025 07:01:03 AM
35,1.00,08/17/2025 06:50:15 AM
-1,1.00,08/17/2025 06:40:01 AM
-1,1.00,08/17/2025 06:30:48 AM
-1,1.00,08/17/2025 06:20:33 AM
29,1.00,08/17/2025 06:10:16 AM
-1,1.00,08/17/2025 06:01:04 AM
29,1.00,08/17/2025 05:50:15 AM
26,1.00,08/17/2025 05:40:01 AM
37,1.00,08/17/2025 05:30:47 AM
34,1.00,08/17/2025 05:20:32 AM
38,1.00,08/17/2025 05:10:15 AM
38,1.00,08/17/2025 05:01:02 AM
-1,1.00,08/17/2025 04:50:15 AM
41,1.00,08/17/2025 04:40:00 AM
-1,1.00,08/17/2025 04:30:47 AM
-1,1.00,08/17/2025 04:20:32 AM
-1,1.00,08/17/2025 04:10:15 AM
-1,1.00,08/17/2025 04:01:02 AM
26,1.00,08/17/2025 03:50:14 AM
18,1.00,08/17/2025 03:40:00 AM
34,1.00,08/17/2025 03:30:47 AM
-1,1.00,08/17/2025 03:20:32 AM
31,1.00,08/17/2025 03:10:15 AM
24,1.00,08/17/2025 03:01:03 AM
27,1.00,08/17/2025 02:50:14 AM
-1,1.00,08/17/2025 02:40:00 AM
-1,1.00,08/17/2025 02:30:47 AM
28,1.00,08/17/2025 02:20:32 AM
30,1.00,08/17/2025 02:10:15 AM
-1,1.00,08/17/2025 02:01:03 AM
14,1.00,08/17/2025 01:50:15 AM
29,1.00,08/17/2025 01:40:00 AM
-1,1.00,08/17/2025 01:30:47 AM
36,1.00,08/17/2025 01:20:32 AM
34,1.00,08/17/2025 01:10:15 AM
29,1.00,08/17/2025 01:01:03 AM
27,1.00,08/17/2025 12:50:15 AM
26,1.00,08/17/2025 12:40:00 AM
26,1.00,08/17/2025 12:30:47 AM
-1,1.00,08/17/2025 12:20:33 AM
19,1.00,08/17/2025 12:10:15 AM
41,1.00,08/17/2025 12:01:03 AM
38,1.00,08/16/2025 11:50:15 PM
16,1.00,08/16/2025 11:40:01 PM
31,1.00,08/16/2025 11:30:47 PM
36,1.00,08/16/2025 11:20:33 PM
-1,1.00,08/16/2025 11:10:15 PM
31,1.00,08/16/2025 11:01:04 PM
35,1.00,08/16/2025 10:50:15 PM
-1,1.00,08/16/2025 10:40:01 PM
41,1.00,08/16/2025 10:30:49 PM
31,1.00,08/16/2025 10:20:34 PM
41,1.00,08/16/2025 10:10:16 PM
38,1.00,08/16/2025 10:01:04 PM
17,1.00,08/16/2025 09:50:15 PM
32,1.00,08/16/2025 09:40:02 PM
31,1.00,08/16/2025 09:30:49 PM
19,1.00,08/16/2025 09:20:34 PM
41,1.00,08/16/2025 09:10:15 PM
-1,1.00,08/16/2025 09:01:04 PM
29,1.00,08/16/2025 08:50:15 PM
40,1.00,08/16/2025 08:40:02 PM
0,1.00,08/16/2025 08:30:49 PM
18,1.00,08/16/2025 08:20:34 PM
32,1.00,08/16/2025 08:10:16 PM
28,1.00,08/16/2025 08:01:04 PM
28,1.00,08/16/2025 07:50:15 PM
20,1.00,08/16/2025 07:40:02 PM
41,1.00,08/16/2025 07:30:49 PM
31,1.00,08/16/2025 07:20:35 PM
34,1.00,08/16/2025 07:10:16 PM
31,1.00,08/16/2025 07:01:05 PM
40,1.00,08/16/2025 06:50:15 PM
41,1.00,08/16/2025 06:40:02 PM
-1,1.00,08/16/2025 06:30:49 PM
35,1.00,08/16/2025 06:20:35 PM
37,1.00,08/16/2025 06:10:16 PM
34,1.00,08/16/2025 06:01:04 PM
35,1.00,08/16/2025 05:50:15 PM
16,1.00,08/16/2025 05:40:02 PM
31,1.00,08/16/2025 05:30:49 PM
35,1.00,08/16/2025 05:20:35 PM
35,1.00,08/16/2025 05:10:16 PM
31,1.00,08/16/2025 05:01:04 PM
41,1.00,08/16/2025 04:50:16 PM
37,1.00,08/16/2025 04:40:02 PM
39,1.00,08/16/2025 04:30:49 PM
31,1.00,08/16/2025 04:20:35 PM
19,1.00,08/16/2025 04:10:16 PM
32,1.00,08/16/2025 04:01:05 PM
40,1.00,08/16/2025 03:50:16 PM
31,1.00,08/16/2025 03:40:02 PM
18,1.00,08/16/2025 03:30:49 PM
37,1.00,08/16/2025 03:20:35 PM
35,1.00,08/16/2025 03:10:16 PM
35,1.00,08/16/2025 03:01:04 PM
38,1.00,08/16/2025 02:50:19 PM
41,1.00,08/16/2025 02:40:02 PM
41,1.00,08/16/2025 02:30:49 PM
-1,1.00,08/16/2025 02:20:35 PM
17,1.00,08/16/2025 01:01:04 PM
36,1.00,08/16/2025 12:50:16 PM
31,1.00,08/16/2025 12:40:02 PM
41,1.00,08/16/2025 12:30:49 PM
22,1.00,08/16/2025 12:20:34 PM
32,1.00,08/16/2025 12:10:16 PM
35,1.00,08/16/2025 12:01:04 PM
33,1.00,08/16/2025 11:50:16 AM
41,1.00,08/16/2025 11:40:02 AM
-1,1.00,08/16/2025 11:30:49 AM
35,1.00,08/16/2025 11:20:34 AM
34,1.00,08/16/2025 11:10:16 AM
36,1.00,08/16/2025 11:01:05 AM
34,1.00,08/16/2025 10:50:16 AM
40,1.00,08/16/2025 10:40:02 AM
39,1.00,08/16/2025 10:30:48 AM
31,1.00,08/16/2025 10:20:34 AM
41,1.00,08/16/2025 10:10:16 AM
-1,1.00,08/16/2025 10:01:07 AM
40,1.00,08/16/2025 09:50:16 AM
18,1.00,08/16/2025 09:40:03 AM
41,1.00,08/16/2025 09:30:49 AM
41,1.00,08/16/2025 09:20:35 AM
25,1.00,08/16/2025 09:10:16 AM
33,1.00,08/16/2025 09:01:04 AM
30,1.00,08/16/2025 08:50:15 AM
41,1.00,08/16/2025 08:40:02 AM
16,1.00,08/16/2025 08:30:49 AM
38,1.00,08/16/2025 08:20:34 AM
31,1.00,08/16/2025 08:10:15 AM
41,1.00,08/16/2025 08:01:04 AM
18,1.00,08/16/2025 07:50:15 AM
33,1.00,08/16/2025 07:40:02 AM
29,1.00,08/16/2025 07:30:49 AM
23,1.00,08/16/2025 07:20:33 AM
32,1.00,08/16/2025 07:10:15 AM
41,1.00,08/16/2025 07:01:03 AM
33,1.00,08/16/2025 06:50:16 AM
31,1.00,08/16/2025 06:40:01 AM
35,1.00,08/16/2025 06:30:48 AM
18,1.00,08/16/2025 06:20:34 AM
29,1.00,08/16/2025 06:10:15 AM
35,1.00,08/16/2025 06:01:05 AM
15,1.00,08/16/2025 05:50:15 AM
27,1.00,08/16/2025 05:40:01 AM
39,1.00,08/16/2025 05:30:48 AM
-1,1.00,08/16/2025 05:20:33 AM
41,1.00,08/16/2025 05:10:15 AM
41,1.00,08/16/2025 05:01:02 AM
-1,1.00,08/16/2025 04:50:15 AM
-1,1.00,08/16/2025 04:40:00 AM
25,1.00,08/16/2025 04:30:47 AM
27,1.00,08/16/2025 04:20:32 AM
-1,1.00,08/16/2025 04:10:15 AM
38,1.00,08/16/2025 04:01:02 AM
-1,1.00,08/16/2025 03:50:15 AM
-1,1.00,08/16/2025 03:40:00 AM
29,1.00,08/16/2025 03:30:47 AM
-1,1.00,08/16/2025 03:20:32 AM
-1,1.00,08/16/2025 03:10:15 AM
29,1.00,08/16/2025 03:01:02 AM
-1,1.00,08/16/2025 02:50:14 AM
17,1.00,08/16/2025 02:40:00 AM
29,1.00,08/16/2025 02:30:47 AM
36,1.00,08/16/2025 02:20:32 AM
-1,1.00,08/16/2025 02:10:15 AM
16,1.00,08/16/2025 02:01:03 AM
33,1.00,08/16/2025 01:50:15 AM
35,1.00,08/16/2025 01:40:00 AM
31,1.00,08/16/2025 01:30:47 AM
16,1.00,08/16/2025 01:20:32 AM
32,1.00,08/16/2025 01:10:15 AM
-1,1.00,08/16/2025 01:01:03 AM
34,1.00,08/16/2025 12:50:15 AM
40,1.00,08/16/2025 12:40:00 AM
-1,1.00,08/16/2025 12:30:47 AM
-1,1.00,08/16/2025 12:20:32 AM
38,1.00,08/16/2025 12:10:15 AM
38,1.00,08/16/2025 12:01:03 AM
36,1.00,08/15/2025 11:50:15 PM
38,1.00,08/15/2025 11:40:01 PM
-1,1.00,08/15/2025 11:30:48 PM
37,1.00,08/15/2025 11:20:33 PM
-1,1.00,08/15/2025 11:10:15 PM
-1,1.00,08/15/2025 11:01:03 PM
-1,1.00,08/15/2025 10:50:15 PM
17,1.00,08/15/2025 10:40:02 PM
41,1.00,08/15/2025 10:30:49 PM
-1,1.00,08/15/2025 10:20:35 PM
27,1.00,08/15/2025 10:10:16 PM
32,1.00,08/15/2025 10:01:04 PM
-1,1.00,08/15/2025 09:50:15 PM
16,1.00,08/15/2025 09:40:02 PM
37,1.00,08/15/2025 09:30:49 PM
30,1.00,08/15/2025 09:20:34 PM
35,1.00,08/15/2025 09:10:16 PM
33,1.00,08/15/2025 09:01:04 PM
35,1.00,08/15/2025 08:50:15 PM
31,1.00,08/15/2025 08:40:02 PM
39,1.00,08/15/2025 08:30:49 PM
32,1.00,08/15/2025 08:20:34 PM
32,1.00,08/15/2025 08:10:16 PM
31,1.00,08/15/2025 08:01:04 PM
38,1.00,08/15/2025 07:50:16 PM
-1,1.00,08/15/2025 07:40:02 PM
29,1.00,08/15/2025 07:30:50 PM
40,1.00,08/15/2025 07:20:35 PM
31,1.00,08/15/2025 07:10:16 PM
18,1.00,08/15/2025 07:01:04 PM
41,1.00,08/15/2025 06:50:16 PM
36,1.00,08/15/2025 06:40:03 PM
35,1.00,08/15/2025 06:30:50 PM
34,1.00,08/15/2025 06:20:35 PM
33,1.00,08/15/2025 06:10:16 PM
35,1.00,08/15/2025 06:01:05 PM
40,1.00,08/15/2025 05:50:18 PM
-1,1.00,08/15/2025 05:40:03 PM
31,1.00,08/15/2025 05:30:50 PM
41,1.00,08/15/2025 05:20:36 PM
16,1.00,08/15/2025 05:10:16 PM
41,1.00,08/15/2025 05:01:05 PM
35,1.00,08/15/2025 04:50:16 PM
23,1.00,08/15/2025 04:40:05 PM
32,1.00,08/15/2025 04:30:50 PM
38,1.00,08/15/2025 04:20:36 PM
38,1.00,08/15/2025 04:10:17 PM
35,1.00,08/15/2025 04:01:05 PM
17,1.00,08/15/2025 03:50:16 PM
31,1.00,08/15/2025 03:40:03 PM
38,1.00,08/15/2025 03:30:50 PM
37,1.00,08/15/2025 03:20:36 PM
29,1.00,08/15/2025 03:10:16 PM
39,1.00,08/15/2025 03:01:05 PM
-1,1.00,08/15/2025 02:50:17 PM
23,1.00,08/15/2025 02:40:04 PM
38,1.00,08/15/2025 02:30:49 PM
16,1.00,08/15/2025 02:20:35 PM
41,1.00,08/15/2025 02:10:18 PM
32,1.00,08/15/2025 02:01:04 PM
18,1.00,08/15/2025 01:50:17 PM
38,1.00,08/15/2025 01:40:02 PM
35,1.00,08/15/2025 01:30:49 PM
33,1.00,08/15/2025 01:20:35 PM
16,1.00,08/15/2025 01:10:16 PM
39,1.00,08/15/2025 01:01:05 PM
39,1.00,08/15/2025 12:50:16 PM
34,1.00,08/15/2025 12:40:02 PM
31,1.00,08/15/2025 12:30:49 PM
31,1.00,08/15/2025 12:20:34 PM
16,1.00,08/15/2025 12:10:18 PM
38,1.00,08/15/2025 12:01:06 PM
33,1.00,08/15/2025 11:50:16 AM
38,1.00,08/15/2025 11:40:03 AM
15,1.00,08/15/2025 11:30:49 AM
34,1.00,08/15/2025 11:20:34 AM
37,1.00,08/15/2025 11:10:16 AM
38,1.00,08/15/2025 11:01:04 AM
33,1.00,08/15/2025 10:50:16 AM
38,1.00,08/15/2025 10:40:03 AM
38,1.00,08/15/2025 10:30:49 AM
36,1.00,08/15/2025 10:20:35 AM
-1,1.00,08/15/2025 10:10:15 AM
31,1.00,08/15/2025 10:01:03 AM
31,1.00,08/15/2025 09:50:15 AM
39,1.00,08/15/2025 09:40:02 AM
18,1.00,08/15/2025 09:30:48 AM
27,1.00,08/15/2025 09:20:34 AM
35,1.00,08/15/2025 09:10:16 AM
33,1.00,08/15/2025 09:01:04 AM
30,1.00,08/15/2025 08:50:15 AM
29,1.00,08/15/2025 08:40:02 AM
27,1.00,08/15/2025 08:30:48 AM
31,1.00,08/15/2025 08:20:34 AM
20,1.00,08/15/2025 08:10:16 AM
34,1.00,08/15/2025 08:01:04 AM
23,1.00,08/15/2025 07:50:15 AM
33,1.00,08/15/2025 07:30:49 AM
31,1.00,08/15/2025 07:20:35 AM
35,1.00,08/15/2025 07:10:15 AM
-1,1.00,08/15/2025 07:01:04 AM
30,1.00,08/15/2025 06:50:15 AM
16,1.00,08/15/2025 06:40:02 AM
25,1.00,08/15/2025 06:30:49 AM
15,1.00,08/15/2025 06:20:34 AM
-1,1.00,08/15/2025 06:10:15 AM
-1,1.00,08/15/2025 06:01:03 AM
-1,1.00,08/15/2025 05:50:15 AM
30,1.00,08/15/2025 05:40:01 AM
-1,1.00,08/15/2025 05:30:48 AM
18,1.00,08/15/2025 05:20:33 AM
35,1.00,08/15/2025 05:10:14 AM
16,1.00,08/15/2025 05:01:02 AM
23,1.00,08/15/2025 04:50:14 AM
-1,1.00,08/15/2025 04:40:00 AM
-1,1.00,08/15/2025 04:20:32 AM
-1,1.00,08/15/2025 04:10:15 AM
-1,1.00,08/15/2025 03:50:15 AM
-1,1.00,08/15/2025 03:40:00 AM
-1,1.00,08/15/2025 03:30:48 AM
-1,1.00,08/15/2025 03:20:32 AM
-1,1.00,08/15/2025 03:10:15 AM
18,1.00,08/15/2025 03:01:02 AM
-1,1.00,08/15/2025 02:50:15 AM
17,1.00,08/15/2025 02:40:00 AM
-1,1.00,08/15/2025 02:30:47 AM
16,1.00,08/15/2025 02:20:32 AM
-1,1.00,08/15/2025 02:10:15 AM
-1,1.00,08/15/2025 02:01:02 AM
29,1.00,08/15/2025 01:50:15 AM
-1,1.00,08/15/2025 01:40:00 AM
32,1.00,08/15/2025 01:30:48 AM
17,1.00,08/15/2025 01:20:32 AM
-1,1.00,08/15/2025 01:10:15 AM
-1,1.00,08/15/2025 01:01:03 AM
41,1.00,08/15/2025 12:50:15 AM
31,1.00,08/15/2025 12:40:00 AM
-1,1.00,08/15/2025 12:30:48 AM
29,1.00,08/15/2025 12:20:32 AM
16,1.00,08/15/2025 12:10:15 AM
32,1.00,08/15/2025 12:01:05 AM
-1,1.00,08/14/2025 11:50:15 PM
26,1.00,08/14/2025 11:40:00 PM
-1,1.00,08/14/2025 11:30:48 PM
35,1.00,08/14/2025 11:20:33 PM
-1,1.00,08/14/2025 11:10:15 PM
17,1.00,08/14/2025 11:01:03 PM
-1,1.00,08/14/2025 10:50:15 PM
26,1.00,08/14/2025 10:40:01 PM
-1,1.00,08/14/2025 10:30:48 PM
20,1.00,08/14/2025 10:20:33 PM
-1,1.00,08/14/2025 10:10:15 PM
31,1.00,08/14/2025 10:01:04 PM
41,1.00,08/14/2025 09:50:15 PM
16,1.00,08/14/2025 09:40:01 PM
41,1.00,08/14/2025 09:30:48 PM
-1,1.00,08/14/2025 09:20:33 PM
33,1.00,08/14/2025 09:10:15 PM
31,1.00,08/14/2025 09:01:03 PM
19,1.00,08/14/2025 08:50:15 PM
35,1.00,08/14/2025 08:40:01 PM
35,1.00,08/14/2025 08:30:48 PM
40,1.00,08/14/2025 08:20:33 PM
29,1.00,08/14/2025 08:10:15 PM
34,1.00,08/14/2025 08:01:03 PM
40,1.00,08/14/2025 07:50:15 PM
18,1.00,08/14/2025 07:40:02 PM
41,1.00,08/14/2025 07:30:48 PM
39,1.00,08/14/2025 07:20:34 PM
20,1.00,08/14/2025 07:10:16 PM
39,1.00,08/14/2025 07:01:04 PM
-1,1.00,08/14/2025 06:50:16 PM
40,1.00,08/14/2025 06:40:02 PM
31,1.00,08/14/2025 06:30:49 PM
35,1.00,08/14/2025 06:20:34 PM
41,1.00,08/14/2025 06:10:16 PM
-1,1.00,08/14/2025 06:01:04 PM
41,1.00,08/14/2025 05:50:16 PM
32,1.00,08/14/2025 05:40:02 PM
38,1.00,08/14/2025 05:30:48 PM
38,1.00,08/14/2025 05:20:34 PM
40,1.00,08/14/2025 05:10:16 PM
35,1.00,08/14/2025 05:01:04 PM
34,1.00,08/14/2025 04:50:16 PM
33,1.00,08/14/2025 04:40:03 PM
17,1.00,08/14/2025 04:30:48 PM
33,1.00,08/14/2025 04:20:35 PM
33,1.00,08/14/2025 04:10:16 PM
35,1.00,08/14/2025 04:01:04 PM
35,1.00,08/14/2025 03:50:16 PM
29,1.00,08/14/2025 03:40:02 PM
31,1.00,08/14/2025 03:30:50 PM
19,1.00,08/14/2025 03:20:35 PM
41,1.00,08/14/2025 03:10:15 PM
18,1.00,08/14/2025 03:01:04 PM
-1,1.00,08/14/2025 02:50:15 PM
41,1.00,08/14/2025 02:40:02 PM
37,1.00,08/14/2025 02:30:48 PM
37,1.00,08/14/2025 02:20:34 PM
17,1.00,08/14/2025 02:10:15 PM
28,1.00,08/14/2025 02:01:03 PM
18,1.00,08/14/2025 01:50:15 PM
31,1.00,08/14/2025 01:40:02 PM
35,1.00,08/14/2025 01:30:49 PM
31,1.00,08/14/2025 01:20:34 PM
17,1.00,08/14/2025 01:10:15 PM
41,1.00,08/14/2025 01:01:03 PM
18,1.00,08/14/2025 12:50:15 PM
-1,1.00,08/14/2025 12:40:02 PM
41,1.00,08/14/2025 12:30:49 PM
18,1.00,08/14/2025 12:20:34 PM
38,1.00,08/14/2025 12:10:15 PM
41,1.00,08/14/2025 12:01:03 PM
25,1.00,08/14/2025 11:50:15 AM
39,1.00,08/14/2025 11:40:02 AM
16,1.00,08/14/2025 11:30:49 AM
31,1.00,08/14/2025 11:20:34 AM
18,1.00,08/14/2025 11:10:15 AM
38,1.00,08/14/2025 11:01:03 AM
33,1.00,08/14/2025 10:50:17 AM
18,1.00,08/14/2025 10:40:02 AM
39,1.00,08/14/2025 10:30:49 AM
35,1.00,08/14/2025 10:20:34 AM
20,1.00,08/14/2025 10:10:15 AM
39,1.00,08/14/2025 10:01:03 AM
36,1.00,08/14/2025 09:50:15 AM
31,1.00,08/14/2025 09:40:02 AM
33,1.00,08/14/2025 09:30:49 AM
20,1.00,08/14/2025 09:20:35 AM
17,1.00,08/14/2025 09:10:16 AM
37,1.00,08/14/2025 09:01:03 AM
30,1.00,08/14/2025 08:50:16 AM
19,1.00,08/14/2025 08:40:02 AM
33,1.00,08/14/2025 08:30:49 AM
38,1.00,08/14/2025 08:20:34 AM
18,1.00,08/14/2025 08:10:16 AM
19,1.00,08/14/2025 08:01:04 AM
18,1.00,08/14/2025 07:50:16 AM
27,1.00,08/14/2025 07:40:02 AM
34,1.00,08/14/2025 07:30:49 AM
16,1.00,08/14/2025 07:20:34 AM
30,1.00,08/14/2025 07:10:16 AM
-1,1.00,08/14/2025 07:01:03 AM
40,1.00,08/14/2025 06:50:16 AM
16,1.00,08/14/2025 06:40:01 AM
41,1.00,08/14/2025 06:30:48 AM
33,1.00,08/14/2025 06:20:33 AM
-1,1.00,08/14/2025 06:10:15 AM
35,1.00,08/14/2025 06:01:03 AM
-1,1.00,08/14/2025 05:50:15 AM
34,1.00,08/14/2025 05:40:01 AM
-1,1.00,08/14/2025 05:30:48 AM
21,1.00,08/14/2025 05:20:33 AM
33,1.00,08/14/2025 05:10:15 AM
35,1.00,08/14/2025 05:01:02 AM
-1,1.00,08/14/2025 04:50:15 AM
-1,1.00,08/14/2025 04:40:00 AM
29,1.00,08/14/2025 04:30:47 AM
-1,1.00,08/14/2025 04:20:32 AM
18,1.00,08/14/2025 04:10:14 AM
33,1.00,08/14/2025 04:01:03 AM
-1,1.00,08/14/2025 03:50:14 AM
-1,1.00,08/14/2025 03:40:01 AM
15,1.00,08/14/2025 03:30:47 AM
-1,1.00,08/14/2025 03:20:32 AM
-1,1.00,08/14/2025 03:10:14 AM
31,1.00,08/14/2025 03:01:03 AM
-1,1.00,08/14/2025 02:50:14 AM
17,1.00,08/14/2025 02:40:01 AM
-1,1.00,08/14/2025 02:30:47 AM
-1,1.00,08/14/2025 02:20:32 AM
-1,1.00,08/14/2025 02:10:14 AM
-1,1.00,08/14/2025 02:01:03 AM
37,1.00,08/14/2025 01:50:14 AM
-1,1.00,08/14/2025 01:40:01 AM
-1,1.00,08/14/2025 01:30:47 AM
-1,1.00,08/14/2025 01:20:33 AM
35,1.00,08/14/2025 01:10:15 AM
-1,1.00,08/14/2025 01:01:03 AM
18,1.00,08/14/2025 12:50:14 AM
-1,1.00,08/14/2025 12:40:01 AM
17,1.00,08/14/2025 12:30:47 AM
-1,1.00,08/14/2025 12:20:33 AM
16,1.00,08/14/2025 12:10:14 AM
31,1.00,08/14/2025 12:01:03 AM
40,1.00,08/13/2025 11:50:14 PM
39,1.00,08/13/2025 11:40:01 PM
41,1.00,08/13/2025 11:30:47 PM
31,1.00,08/13/2025 11:20:33 PM
-1,1.00,08/13/2025 11:10:14 PM
18,1.00,08/13/2025 11:01:03 PM
-1,1.00,08/13/2025 10:50:14 PM
36,1.00,08/13/2025 10:40:01 PM
-1,1.00,08/13/2025 10:30:48 PM
16,1.00,08/13/2025 10:20:33 PM
-1,1.00,08/13/2025 10:10:15 PM
39,1.00,08/13/2025 10:01:03 PM
28,1.00,08/13/2025 09:50:15 PM
18,1.00,08/13/2025 09:40:01 PM
17,1.00,08/13/2025 09:30:48 PM
-1,1.00,08/13/2025 09:20:34 PM
29,1.00,08/13/2025 09:10:15 PM
-1,1.00,08/13/2025 09:01:03 PM
29,1.00,08/13/2025 08:50:15 PM
41,1.00,08/13/2025 08:40:01 PM
33,1.00,08/13/2025 08:30:48 PM
35,1.00,08/13/2025 08:20:34 PM
16,1.00,08/13/2025 08:10:15 PM
32,1.00,08/13/2025 08:01:03 PM
34,1.00,08/13/2025 07:50:15 PM
-1,1.00,08/13/2025 07:40:01 PM
28,1.00,08/13/2025 07:30:49 PM
40,1.00,08/13/2025 07:20:34 PM
35,1.00,08/13/2025 07:10:15 PM
37,1.00,08/13/2025 07:01:03 PM
17,1.00,08/13/2025 06:50:15 PM
32,1.00,08/13/2025 06:40:01 PM
31,1.00,08/13/2025 06:30:49 PM
41,1.00,08/13/2025 06:20:34 PM
17,1.00,08/13/2025 06:10:16 PM
37,1.00,08/13/2025 06:01:04 PM
38,1.00,08/13/2025 05:50:16 PM
16,1.00,08/13/2025 05:40:02 PM
38,1.00,08/13/2025 05:30:49 PM
31,1.00,08/13/2025 05:20:34 PM
41,1.00,08/13/2025 05:10:16 PM
15,1.00,08/13/2025 05:01:04 PM
-1,1.00,08/13/2025 04:50:16 PM
34,1.00,08/13/2025 04:40:02 PM
40,1.00,08/13/2025 04:30:49 PM
33,1.00,08/13/2025 04:20:36 PM
28,1.00,08/13/2025 04:10:16 PM
34,1.00,08/13/2025 04:01:03 PM
-1,1.00,08/13/2025 03:50:16 PM
17,1.00,08/13/2025 03:40:01 PM
37,1.00,08/13/2025 03:30:49 PM
-1,1.00,08/13/2025 03:20:34 PM
17,1.00,08/13/2025 03:10:16 PM
37,1.00,08/13/2025 03:01:03 PM
16,1.00,08/13/2025 02:50:16 PM
29,1.00,08/13/2025 02:40:02 PM
39,1.00,08/13/2025 02:30:49 PM
32,1.00,08/13/2025 02:20:34 PM
34,1.00,08/13/2025 02:10:16 PM
28,1.00,08/13/2025 02:01:03 PM
37,1.00,08/13/2025 01:50:16 PM
31,1.00,08/13/2025 01:40:02 PM
35,1.00,08/13/2025 01:30:48 PM
-1,1.00,08/13/2025 01:20:34 PM
33,1.00,08/13/2025 01:10:16 PM
16,1.00,08/13/2025 01:01:03 PM
31,1.00,08/13/2025 12:50:16 PM
34,1.00,08/13/2025 12:40:02 PM
25,1.00,08/13/2025 12:30:48 PM
32,1.00,08/13/2025 12:20:33 PM
18,1.00,08/13/2025 12:10:16 PM
29,1.00,08/13/2025 12:01:03 PM
14,1.00,08/13/2025 11:50:15 AM
37,1.00,08/13/2025 11:40:01 AM
-1,1.00,08/13/2025 11:30:48 AM
39,1.00,08/13/2025 11:20:33 AM
23,1.00,08/13/2025 11:10:15 AM
31,1.00,08/13/2025 11:01:03 AM
41,1.00,08/13/2025 10:50:15 AM
30,1.00,08/13/2025 10:40:02 AM
38,1.00,08/13/2025 10:30:48 AM
19,1.00,08/13/2025 10:20:33 AM
20,1.00,08/13/2025 10:10:15 AM
38,1.00,08/13/2025 10:01:04 AM
35,1.00,08/13/2025 09:50:15 AM
34,1.00,08/13/2025 09:40:02 AM
18,1.00,08/13/2025 09:30:48 AM
34,1.00,08/13/2025 09:20:34 AM
31,1.00,08/13/2025 09:10:16 AM
39,1.00,08/13/2025 09:01:04 AM
36,1.00,08/13/2025 08:50:16 AM
18,1.00,08/13/2025 08:40:02 AM
36,1.00,08/13/2025 08:30:48 AM
31,1.00,08/13/2025 08:20:34 AM
34,1.00,08/13/2025 08:10:17 AM
17,1.00,08/13/2025 08:01:04 AM
31,1.00,08/13/2025 07:50:16 AM
38,1.00,08/13/2025 07:40:02 AM
33,1.00,08/13/2025 07:30:48 AM
31,1.00,08/13/2025 07:20:34 AM
25,1.00,08/13/2025 07:10:16 AM
31,1.00,08/13/2025 07:01:04 AM
32,1.00,08/13/2025 06:50:15 AM
18,1.00,08/13/2025 06:40:01 AM
-1,1.00,08/13/2025 06:30:48 AM
18,1.00,08/13/2025 06:20:34 AM
-1,1.00,08/13/2025 06:10:15 AM
29,1.00,08/13/2025 06:01:03 AM
-1,1.00,08/13/2025 05:50:15 AM
34,1.00,08/13/2025 05:40:01 AM
-1,1.00,08/13/2025 05:30:48 AM
29,1.00,08/13/2025 05:20:33 AM
-1,1.00,08/13/2025 05:10:15 AM
16,1.00,08/13/2025 05:01:03 AM
-1,1.00,08/13/2025 04:50:14 AM
-1,1.00,08/13/2025 04:40:00 AM
32,1.00,08/13/2025 04:30:47 AM
-1,1.00,08/13/2025 04:20:33 AM
-1,1.00,08/13/2025 04:10:14 AM
36,1.00,08/13/2025 04:01:02 AM
41,1.00,08/13/2025 03:50:14 AM
14,1.00,08/13/2025 03:40:00 AM
28,1.00,08/13/2025 03:30:48 AM
-1,1.00,08/13/2025 03:20:33 AM
-1,1.00,08/13/2025 03:10:14 AM
18,1.00,08/13/2025 03:01:02 AM
-1,1.00,08/13/2025 02:50:14 AM
19,1.00,08/13/2025 02:40:00 AM
-1,1.00,08/13/2025 02:30:48 AM
39,1.00,08/13/2025 02:20:33 AM
-1,1.00,08/13/2025 02:10:14 AM
-1,1.00,08/13/2025 02:01:02 AM
33,1.00,08/13/2025 01:50:14 AM
29,1.00,08/13/2025 01:40:00 AM
-1,1.00,08/13/2025 01:30:48 AM
-1,1.00,08/13/2025 01:20:33 AM
16,1.00,08/13/2025 01:10:14 AM
31,1.00,08/13/2025 01:01:02 AM
-1,1.00,08/13/2025 12:50:15 AM
-1,1.00,08/13/2025 12:40:01 AM
18,1.00,08/13/2025 12:30:48 AM
-1,1.00,08/13/2025 12:20:33 AM
17,1.00,08/13/2025 12:10:15 AM
23,1.00,08/13/2025 12:01:02 AM
35,1.00,08/12/2025 11:50:15 PM
16,1.00,08/12/2025 11:40:01 PM
16,1.00,08/12/2025 11:30:48 PM
34,1.00,08/12/2025 11:20:33 PM
20,1.00,08/12/2025 11:10:15 PM
31,1.00,08/12/2025 11:01:02 PM
18,1.00,08/12/2025 10:50:15 PM
41,1.00,08/12/2025 10:40:01 PM
31,1.00,08/12/2025 10:30:48 PM
18,1.00,08/12/2025 10:20:33 PM
-1,1.00,08/12/2025 10:10:16 PM
35,1.00,08/12/2025 10:01:03 PM
-1,1.00,08/12/2025 09:50:15 PM
16,1.00,08/12/2025 09:40:01 PM
22,1.00,08/12/2025 09:30:48 PM
-1,1.00,08/12/2025 09:20:33 PM
31,1.00,08/12/2025 09:10:15 PM
16,1.00,08/12/2025 09:01:03 PM
32,1.00,08/12/2025 08:50:15 PM
41,1.00,08/12/2025 08:40:01 PM
-1,1.00,08/12/2025 08:30:48 PM
30,1.00,08/12/2025 08:20:33 PM
31,1.00,08/12/2025 08:10:15 PM
31,1.00,08/12/2025 08:01:04 PM
41,1.00,08/12/2025 07:50:15 PM
39,1.00,08/12/2025 07:40:01 PM
37,1.00,08/12/2025 07:30:48 PM
33,1.00,08/12/2025 07:20:33 PM
35,1.00,08/12/2025 07:10:15 PM
18,1.00,08/12/2025 07:01:04 PM
34,1.00,08/12/2025 06:50:16 PM
35,1.00,08/12/2025 06:40:02 PM
35,1.00,08/12/2025 06:30:49 PM
35,1.00,08/12/2025 06:20:34 PM
29,1.00,08/12/2025 06:10:16 PM
17,1.00,08/12/2025 06:01:04 PM
16,1.00,08/12/2025 05:50:16 PM
39,1.00,08/12/2025 05:40:02 PM
-1,1.00,08/12/2025 05:30:48 PM
18,1.00,08/12/2025 05:20:34 PM
-1,1.00,08/12/2025 05:10:17 PM
30,1.00,08/12/2025 05:01:06 PM
36,1.00,08/12/2025 04:50:16 PM
31,1.00,08/12/2025 04:40:02 PM
39,1.00,08/12/2025 04:30:48 PM
27,1.00,08/12/2025 04:20:35 PM
35,1.00,08/12/2025 04:10:15 PM
31,1.00,08/12/2025 04:01:04 PM
32,1.00,08/12/2025 03:50:15 PM
27,1.00,08/12/2025 03:40:02 PM
16,1.00,08/12/2025 03:30:48 PM
38,1.00,08/12/2025 03:20:34 PM
12,1.00,08/12/2025 03:10:15 PM
29,1.00,08/12/2025 03:01:03 PM
37,1.00,08/12/2025 02:50:15 PM
33,1.00,08/12/2025 02:40:01 PM
25,1.00,08/12/2025 02:30:49 PM
16,1.00,08/12/2025 02:20:34 PM
37,1.00,08/12/2025 02:10:16 PM
30,1.00,08/12/2025 02:01:03 PM
-1,1.00,08/12/2025 01:50:15 PM
38,1.00,08/12/2025 01:40:01 PM
18,1.00,08/12/2025 01:30:49 PM
18,1.00,08/12/2025 01:20:35 PM
40,1.00,08/12/2025 01:10:16 PM
18,1.00,08/12/2025 01:01:03 PM
33,1.00,08/12/2025 12:50:15 PM
-1,1.00,08/12/2025 12:40:01 PM
-1,1.00,08/12/2025 12:30:49 PM
31,1.00,08/12/2025 12:20:34 PM
36,1.00,08/12/2025 12:10:16 PM
38,1.00,08/12/2025 12:01:04 PM
16,1.00,08/12/2025 11:50:15 AM
41,1.00,08/12/2025 11:40:01 AM
41,1.00,08/12/2025 11:30:49 AM
17,1.00,08/12/2025 11:20:33 AM
31,1.00,08/12/2025 11:10:16 AM
41,1.00,08/12/2025 11:01:04 AM
29,1.00,08/12/2025 10:50:15 AM
28,1.00,08/12/2025 10:40:02 AM
36,1.00,08/12/2025 10:30:49 AM
41,1.00,08/12/2025 10:20:34 AM
31,1.00,08/12/2025 10:10:16 AM
37,1.00,08/12/2025 10:01:04 AM
41,1.00,08/12/2025 09:50:15 AM
-1,1.00,08/12/2025 09:40:01 AM
40,1.00,08/12/2025 09:30:49 AM
40,1.00,08/12/2025 09:20:34 AM
35,1.00,08/12/2025 09:10:16 AM
28,1.00,08/12/2025 09:01:04 AM
24,1.00,08/12/2025 08:50:16 AM
31,1.00,08/12/2025 08:40:02 AM
33,1.00,08/12/2025 08:30:49 AM
33,1.00,08/12/2025 08:20:34 AM
32,1.00,08/12/2025 08:10:16 AM
31,1.00,08/12/2025 08:01:04 AM
31,1.00,08/12/2025 07:50:16 AM
23,1.00,08/12/2025 07:40:02 AM
16,1.00,08/12/2025 07:30:49 AM
31,1.00,08/12/2025 07:20:34 AM
32,1.00,08/12/2025 07:10:16 AM
31,1.00,08/12/2025 07:01:04 AM
-1,1.00,08/12/2025 06:50:16 AM
33,1.00,08/12/2025 06:40:02 AM
-1,1.00,08/12/2025 06:30:48 AM
14,1.00,08/12/2025 06:20:33 AM
-1,1.00,08/12/2025 06:10:15 AM
-1,1.00,08/12/2025 06:01:03 AM
-1,1.00,08/12/2025 05:50:15 AM
-1,1.00,08/12/2025 05:40:01 AM
-1,1.00,08/12/2025 05:30:48 AM
21,1.00,08/12/2025 05:20:33 AM
-1,1.00,08/12/2025 05:10:15 AM
17,1.00,08/12/2025 05:01:03 AM
16,1.00,08/12/2025 04:40:01 AM
34,1.00,08/12/2025 04:30:48 AM
-1,1.00,08/12/2025 04:20:32 AM
-1,1.00,08/12/2025 04:10:14 AM
34,1.00,08/12/2025 04:01:02 AM
-1,1.00,08/12/2025 03:50:15 AM
-1,1.00,08/12/2025 03:40:00 AM
21,1.00,08/12/2025 03:30:47 AM
-1,1.00,08/12/2025 03:10:14 AM
40,1.00,08/12/2025 03:01:02 AM
-1,1.00,08/12/2025 02:50:14 AM
14,1.00,08/12/2025 02:40:00 AM
20,1.00,08/12/2025 02:30:47 AM
29,1.00,08/12/2025 02:20:32 AM
-1,1.00,08/12/2025 02:10:14 AM
16,1.00,08/12/2025 02:01:02 AM
-1,1.00,08/12/2025 01:50:14 AM
16,1.00,08/12/2025 01:40:01 AM
-1,1.00,08/12/2025 01:30:47 AM
-1,1.00,08/12/2025 01:20:32 AM
-1,1.00,08/12/2025 01:10:14 AM
-1,1.00,08/12/2025 01:01:02 AM
31,1.00,08/12/2025 12:50:15 AM
-1,1.00,08/12/2025 12:40:01 AM
-1,1.00,08/12/2025 12:30:47 AM
31,1.00,08/12/2025 12:20:33 AM
-1,1.00,08/12/2025 12:10:14 AM
31,1.00,08/12/2025 12:01:03 AM
31,1.00,08/11/2025 11:50:15 PM
41,1.00,08/11/2025 11:40:01 PM
-1,1.00,08/11/2025 11:30:48 PM
23,1.00,08/11/2025 11:20:33 PM
-1,1.00,08/11/2025 11:10:15 PM
-1,1.00,08/11/2025 11:01:03 PM
27,1.00,08/11/2025 10:50:15 PM
27,1.00,08/11/2025 10:40:01 PM
17,1.00,08/11/2025 10:30:48 PM
-1,1.00,08/11/2025 10:20:33 PM
26,1.00,08/11/2025 10:10:15 PM
30,1.00,08/11/2025 10:01:03 PM
30,1.00,08/11/2025 09:50:15 PM
15,1.00,08/11/2025 09:40:01 PM
35,1.00,08/11/2025 09:30:48 PM
33,1.00,08/11/2025 09:20:34 PM
-1,1.00,08/11/2025 09:10:15 PM
40,1.00,08/11/2025 09:01:03 PM
25,1.00,08/11/2025 08:50:15 PM
40,1.00,08/11/2025 08:40:01 PM
41,1.00,08/11/2025 08:30:48 PM
16,1.00,08/11/2025 08:20:33 PM
33,1.00,08/11/2025 08:10:15 PM
15,1.00,08/11/2025 08:01:03 PM
33,1.00,08/11/2025 07:50:15 PM
41,1.00,08/11/2025 07:40:01 PM
33,1.00,08/11/2025 07:30:48 PM
18,1.00,08/11/2025 07:20:34 PM
41,1.00,08/11/2025 07:10:15 PM
41,1.00,08/11/2025 07:01:03 PM
31,1.00,08/11/2025 06:50:15 PM
41,1.00,08/11/2025 06:40:01 PM
39,1.00,08/11/2025 06:30:49 PM
35,1.00,08/11/2025 06:20:34 PM
-1,1.00,08/11/2025 06:10:16 PM
18,1.00,08/11/2025 06:01:04 PM
40,1.00,08/11/2025 05:50:16 PM
20,1.00,08/11/2025 05:40:01 PM
38,1.00,08/11/2025 05:30:49 PM
26,1.00,08/11/2025 05:20:34 PM
38,1.00,08/11/2025 05:10:17 PM
-1,1.00,08/11/2025 05:01:04 PM
29,1.00,08/11/2025 04:50:16 PM
29,1.00,08/11/2025 04:40:02 PM
33,1.00,08/11/2025 04:30:49 PM
33,1.00,08/11/2025 04:20:34 PM
30,1.00,08/11/2025 04:10:16 PM
20,1.00,08/11/2025 04:01:04 PM
31,1.00,08/11/2025 03:50:16 PM
30,1.00,08/11/2025 03:40:01 PM
27,1.00,08/11/2025 03:30:49 PM
25,1.00,08/11/2025 03:20:34 PM
2,1.00,08/11/2025 03:10:16 PM
25,1.00,08/11/2025 03:01:04 PM
0,1.00,08/11/2025 02:50:16 PM
-1,1.00,08/11/2025 02:40:02 PM
29,1.00,08/11/2025 02:30:49 PM
37,1.00,08/11/2025 02:20:34 PM
32,1.00,08/11/2025 02:10:16 PM
-1,1.00,08/11/2025 02:01:04 PM
33,1.00,08/11/2025 01:50:16 PM
-1,1.00,08/11/2025 01:40:02 PM
35,1.00,08/11/2025 01:30:49 PM
36,1.00,08/11/2025 01:20:34 PM
40,1.00,08/11/2025 01:10:16 PM
41,1.00,08/11/2025 01:01:03 PM
-1,1.00,08/11/2025 12:50:15 PM
14,1.00,08/11/2025 12:40:02 PM
38,1.00,08/11/2025 12:30:48 PM
23,1.00,08/11/2025 12:20:33 PM
30,1.00,08/11/2025 12:10:16 PM
15,1.00,08/11/2025 12:01:03 PM
38,1.00,08/11/2025 11:50:15 AM
35,1.00,08/11/2025 11:40:02 AM
33,1.00,08/11/2025 11:30:48 AM
29,1.00,08/11/2025 11:20:33 AM
22,1.00,08/11/2025 11:10:15 AM
41,1.00,08/11/2025 11:01:03 AM
31,1.00,08/11/2025 10:50:15 AM
29,1.00,08/11/2025 10:40:02 AM
40,1.00,08/11/2025 10:30:48 AM
32,1.00,08/11/2025 10:20:33 AM
-1,1.00,08/11/2025 10:10:15 AM
37,1.00,08/11/2025 10:01:03 AM
32,1.00,08/11/2025 09:50:15 AM
26,1.00,08/11/2025 09:40:02 AM
35,1.00,08/11/2025 09:30:49 AM
33,1.00,08/11/2025 09:20:34 AM
35,1.00,08/11/2025 09:10:16 AM
29,1.00,08/11/2025 09:01:04 AM
30,1.00,08/11/2025 08:50:16 AM
34,1.00,08/11/2025 08:40:02 AM
25,1.00,08/11/2025 08:30:49 AM
28,1.00,08/11/2025 08:20:34 AM
18,1.00,08/11/2025 08:10:16 AM
41,1.00,08/11/2025 08:01:04 AM
27,1.00,08/11/2025 07:50:16 AM
33,1.00,08/11/2025 07:40:02 AM
34,1.00,08/11/2025 07:30:49 AM
40,1.00,08/11/2025 07:20:34 AM
18,1.00,08/11/2025 07:10:16 AM
16,1.00,08/11/2025 07:01:03 AM
29,1.00,08/11/2025 06:50:15 AM
21,1.00,08/11/2025 06:40:02 AM
-1,1.00,08/11/2025 06:30:48 AM
21,1.00,08/11/2025 06:20:33 AM
-1,1.00,08/11/2025 06:10:15 AM
25,1.00,08/11/2025 06:01:03 AM
14,1.00,08/11/2025 05:50:15 AM
-1,1.00,08/11/2025 05:40:01 AM
-1,1.00,08/11/2025 05:30:48 AM
16,1.00,08/11/2025 05:20:33 AM
27,1.00,08/11/2025 05:10:15 AM
33,1.00,08/11/2025 05:01:02 AM
-1,1.00,08/11/2025 04:50:14 AM
-1,1.00,08/11/2025 04:40:01 AM
-1,1.00,08/11/2025 04:20:33 AM
-1,1.00,08/11/2025 04:10:14 AM
39,1.00,08/11/2025 04:01:02 AM
-1,1.00,08/11/2025 03:50:14 AM
-1,1.00,08/11/2025 03:40:00 AM
34,1.00,08/11/2025 03:30:47 AM
-1,1.00,08/11/2025 03:20:33 AM
-1,1.00,08/11/2025 03:10:14 AM
-1,1.00,08/11/2025 03:01:02 AM
-1,1.00,08/11/2025 02:50:14 AM
18,1.00,08/11/2025 02:40:00 AM
25,1.00,08/11/2025 02:30:48 AM
29,1.00,08/11/2025 02:20:33 AM
-1,1.00,08/11/2025 02:10:14 AM
31,1.00,08/11/2025 02:01:02 AM
-1,1.00,08/11/2025 01:50:14 AM
26,1.00,08/11/2025 01:40:00 AM
-1,1.00,08/11/2025 01:30:48 AM
29,1.00,08/11/2025 01:20:33 AM
38,1.00,08/11/2025 01:10:14 AM
-1,1.00,08/11/2025 01:01:02 AM
38,1.00,08/11/2025 12:50:15 AM
-1,1.00,08/11/2025 12:40:00 AM
31,1.00,08/11/2025 12:30:48 AM
18,1.00,08/11/2025 12:20:33 AM
27,1.00,08/11/2025 12:10:15 AM
25,1.00,08/11/2025 12:01:03 AM
-1,1.00,08/10/2025 11:50:15 PM
33,1.00,08/10/2025 11:40:00 PM
-1,1.00,08/10/2025 11:30:48 PM
33,1.00,08/10/2025 11:20:33 PM
33,1.00,08/10/2025 11:10:15 PM
-1,1.00,08/10/2025 11:01:03 PM
41,1.00,08/10/2025 10:50:15 PM
-1,1.00,08/10/2025 10:40:00 PM
17,1.00,08/10/2025 10:30:48 PM
31,1.00,08/10/2025 10:20:33 PM
15,1.00,08/10/2025 10:10:15 PM
-1,1.00,08/10/2025 10:01:03 PM
35,1.00,08/10/2025 09:50:15 PM
-1,1.00,08/10/2025 09:40:00 PM
-1,1.00,08/10/2025 09:30:48 PM
19,1.00,08/10/2025 09:20:33 PM
30,1.00,08/10/2025 09:10:15 PM
18,1.00,08/10/2025 09:01:03 PM
38,1.00,08/10/2025 08:50:15 PM
-1,1.00,08/10/2025 08:40:00 PM
-1,1.00,08/10/2025 08:30:48 PM
-1,1.00,08/10/2025 08:20:33 PM
34,1.00,08/10/2025 08:10:15 PM
-1,1.00,08/10/2025 08:01:03 PM
38,1.00,08/10/2025 07:50:15 PM
35,1.00,08/10/2025 07:40:01 PM
41,1.00,08/10/2025 07:30:48 PM
-1,1.00,08/10/2025 07:20:33 PM
-1,1.00,08/10/2025 07:10:15 PM
41,1.00,08/10/2025 07:01:03 PM
20,1.00,08/10/2025 06:50:15 PM
40,1.00,08/10/2025 06:40:01 PM
34,1.00,08/10/2025 06:30:48 PM
-1,1.00,08/10/2025 06:20:33 PM
30,1.00,08/10/2025 06:10:15 PM
-1,1.00,08/10/2025 06:01:03 PM
40,1.00,08/10/2025 05:50:15 PM
35,1.00,08/10/2025 05:40:01 PM
28,1.00,08/10/2025 05:30:48 PM
38,1.00,08/10/2025 05:20:33 PM
-1,1.00,08/10/2025 05:10:15 PM
16,1.00,08/10/2025 05:01:03 PM
27,1.00,08/10/2025 04:50:15 PM
41,1.00,08/10/2025 04:40:02 PM
35,1.00,08/10/2025 04:30:48 PM
-1,1.00,08/10/2025 04:20:33 PM
-1,1.00,08/10/2025 04:10:15 PM
15,1.00,08/10/2025 04:01:03 PM
40,1.00,08/10/2025 03:50:15 PM
-1,1.00,08/10/2025 03:40:01 PM
38,1.00,08/10/2025 03:30:48 PM
33,1.00,08/10/2025 03:20:33 PM
20,1.00,08/10/2025 03:10:15 PM
-1,1.00,08/10/2025 03:01:03 PM
31,1.00,08/10/2025 02:50:15 PM
38,1.00,08/10/2025 02:40:01 PM
41,1.00,08/10/2025 02:30:48 PM
34,1.00,08/10/2025 02:20:33 PM
34,1.00,08/10/2025 02:10:15 PM
34,1.00,08/10/2025 02:01:03 PM
-1,1.00,08/10/2025 01:50:15 PM
41,1.00,08/10/2025 01:40:01 PM
31,1.00,08/10/2025 01:30:48 PM
37,1.00,08/10/2025 01:20:33 PM
34,1.00,08/10/2025 01:10:15 PM
35,1.00,08/10/2025 01:01:03 PM
-1,1.00,08/10/2025 12:50:15 PM
17,1.00,08/10/2025 12:40:01 PM
-1,1.00,08/10/2025 12:30:48 PM
-1,1.00,08/10/2025 12:20:33 PM
14,1.00,08/10/2025 12:10:15 PM
38,1.00,08/10/2025 12:01:03 PM
36,1.00,08/10/2025 11:50:15 AM
20,1.00,08/10/2025 11:40:01 AM
-1,1.00,08/10/2025 11:30:48 AM
-1,1.00,08/10/2025 11:20:33 AM
41,1.00,08/10/2025 11:10:15 AM
15,1.00,08/10/2025 11:01:03 AM
18,1.00,08/10/2025 10:50:15 AM
31,1.00,08/10/2025 10:40:01 AM
31,1.00,08/10/2025 10:30:48 AM
41,1.00,08/10/2025 10:20:33 AM
29,1.00,08/10/2025 10:10:15 AM
-1,1.00,08/10/2025 10:01:02 AM
38,1.00,08/10/2025 09:50:15 AM
-1,1.00,08/10/2025 09:40:01 AM
18,1.00,08/10/2025 09:30:47 AM
41,1.00,08/10/2025 09:20:33 AM
-1,1.00,08/10/2025 09:10:15 AM
34,1.00,08/10/2025 09:01:02 AM
41,1.00,08/10/2025 08:50:15 AM
-1,1.00,08/10/2025 08:40:01 AM
38,1.00,08/10/2025 08:30:47 AM
18,1.00,08/10/2025 08:20:33 AM
-1,1.00,08/10/2025 08:10:15 AM
33,1.00,08/10/2025 08:01:03 AM
17,1.00,08/10/2025 07:50:14 AM
-1,1.00,08/10/2025 07:40:01 AM
21,1.00,08/10/2025 07:30:48 AM
-1,1.00,08/10/2025 07:20:33 AM
18,1.00,08/10/2025 07:10:14 AM
-1,1.00,08/10/2025 07:01:03 AM
41,1.00,08/10/2025 06:50:14 AM
15,1.00,08/10/2025 06:40:00 AM
-1,1.00,08/10/2025 06:30:48 AM
16,1.00,08/10/2025 06:20:33 AM
-1,1.00,08/10/2025 06:10:14 AM
-1,1.00,08/10/2025 06:01:03 AM
31,1.00,08/10/2025 05:40:00 AM
-1,1.00,08/10/2025 05:30:48 AM
16,1.00,08/10/2025 05:20:32 AM
31,1.00,08/10/2025 05:01:03 AM
-1,1.00,08/10/2025 04:50:15 AM
-1,1.00,08/10/2025 04:40:00 AM
-1,1.00,08/10/2025 04:20:32 AM
-1,1.00,08/10/2025 04:10:15 AM
-1,1.00,08/10/2025 03:50:15 AM
31,1.00,08/10/2025 03:40:00 AM
27,1.00,08/10/2025 03:30:47 AM
-1,1.00,08/10/2025 03:20:32 AM
-1,1.00,08/10/2025 03:10:15 AM
-1,1.00,08/10/2025 03:01:02 AM
-1,1.00,08/10/2025 02:50:15 AM
16,1.00,08/10/2025 02:40:00 AM
-1,1.00,08/10/2025 02:30:47 AM
33,1.00,08/10/2025 02:20:32 AM
35,1.00,08/10/2025 02:10:15 AM
38,1.00,08/10/2025 02:01:02 AM
18,1.00,08/10/2025 01:50:15 AM
-1,1.00,08/10/2025 01:40:01 AM
36,1.00,08/10/2025 01:30:47 AM
-1,1.00,08/10/2025 01:20:32 AM
35,1.00,08/10/2025 01:10:15 AM
-1,1.00,08/10/2025 01:01:02 AM
36,1.00,08/10/2025 12:50:15 AM
34,1.00,08/10/2025 12:40:01 AM
15,1.00,08/10/2025 12:30:47 AM
-1,1.00,08/10/2025 12:20:32 AM
41,1.00,08/10/2025 12:10:15 AM
-1,1.00,08/10/2025 12:01:03 AM
15,1.00,08/09/2025 11:50:15 PM
30,1.00,08/09/2025 11:40:01 PM
15,1.00,08/09/2025 11:30:48 PM
-1,1.00,08/09/2025 11:20:32 PM
17,1.00,08/09/2025 11:10:15 PM
17,1.00,08/09/2025 11:01:03 PM
-1,1.00,08/09/2025 10:50:15 PM
26,1.00,08/09/2025 10:40:01 PM
-1,1.00,08/09/2025 10:30:48 PM
-1,1.00,08/09/2025 10:20:33 PM
40,1.00,08/09/2025 10:10:15 PM
33,1.00,08/09/2025 10:01:03 PM
31,1.00,08/09/2025 09:50:15 PM
-1,1.00,08/09/2025 09:40:01 PM
35,1.00,08/09/2025 09:30:48 PM
31,1.00,08/09/2025 09:20:33 PM
41,1.00,08/09/2025 09:10:15 PM
-1,1.00,08/09/2025 09:01:03 PM
17,1.00,08/09/2025 08:50:15 PM
35,1.00,08/09/2025 08:40:01 PM
-1,1.00,08/09/2025 08:30:48 PM
31,1.00,08/09/2025 08:20:33 PM
-1,1.00,08/09/2025 08:10:15 PM
27,1.00,08/09/2025 08:01:03 PM
18,1.00,08/09/2025 07:50:15 PM
31,1.00,08/09/2025 07:40:01 PM
39,1.00,08/09/2025 07:30:48 PM
40,1.00,08/09/2025 07:20:34 PM
-1,1.00,08/09/2025 07:10:15 PM
30,1.00,08/09/2025 07:01:03 PM
36,1.00,08/09/2025 06:50:15 PM
-1,1.00,08/09/2025 06:40:01 PM
17,1.00,08/09/2025 06:30:48 PM
40,1.00,08/09/2025 06:20:34 PM
-1,1.00,08/09/2025 06:10:15 PM
-1,1.00,08/09/2025 06:01:04 PM
38,1.00,08/09/2025 05:50:15 PM
20,1.00,08/09/2025 05:40:01 PM
-1,1.00,08/09/2025 05:30:49 PM
16,1.00,08/09/2025 05:20:34 PM
-1,1.00,08/09/2025 05:10:15 PM
17,1.00,08/09/2025 05:01:04 PM
17,1.00,08/09/2025 04:50:16 PM
28,1.00,08/09/2025 04:40:01 PM
41,1.00,08/09/2025 04:30:49 PM
11,1.00,08/09/2025 04:20:34 PM
35,1.00,08/09/2025 04:10:16 PM
18,1.00,08/09/2025 04:01:04 PM
39,1.00,08/09/2025 03:50:16 PM
41,1.00,08/09/2025 03:40:01 PM
31,1.00,08/09/2025 03:30:48 PM
17,1.00,08/09/2025 03:20:33 PM
31,1.00,08/09/2025 03:10:16 PM
35,1.00,08/09/2025 03:01:04 PM
17,1.00,08/09/2025 02:50:16 PM
37,1.00,08/09/2025 02:40:02 PM
38,1.00,08/09/2025 02:30:48 PM
33,1.00,08/09/2025 02:20:33 PM
33,1.00,08/09/2025 02:10:15 PM
38,1.00,08/09/2025 02:01:03 PM
16,1.00,08/09/2025 01:50:16 PM
-1,1.00,08/09/2025 01:40:02 PM
31,1.00,08/09/2025 01:30:48 PM
37,1.00,08/09/2025 01:20:33 PM
29,1.00,08/09/2025 01:10:15 PM
-1,1.00,08/09/2025 01:01:03 PM
38,1.00,08/09/2025 12:50:15 PM
-1,1.00,08/09/2025 12:40:01 PM
33,1.00,08/09/2025 12:30:48 PM
38,1.00,08/09/2025 12:20:34 PM
-1,1.00,08/09/2025 12:10:15 PM
26,1.00,08/09/2025 12:01:03 PM
21,1.00,08/09/2025 11:50:15 AM
35,1.00,08/09/2025 11:40:01 AM
-1,1.00,08/09/2025 11:30:48 AM
-1,1.00,08/09/2025 11:20:34 AM
41,1.00,08/09/2025 11:10:15 AM
31,1.00,08/09/2025 11:01:03 AM
31,1.00,08/09/2025 10:50:15 AM
38,1.00,08/09/2025 10:40:01 AM
18,1.00,08/09/2025 10:30:49 AM
-1,1.00,08/09/2025 10:20:34 AM
14,1.00,08/09/2025 10:10:15 AM
41,1.00,08/09/2025 10:01:03 AM
-1,1.00,08/09/2025 09:50:15 AM
-1,1.00,08/09/2025 09:40:01 AM
40,1.00,08/09/2025 09:30:48 AM
-1,1.00,08/09/2025 09:20:33 AM
-1,1.00,08/09/2025 09:10:15 AM
33,1.00,08/09/2025 09:01:03 AM
36,1.00,08/09/2025 08:50:15 AM
41,1.00,08/09/2025 08:40:01 AM
33,1.00,08/09/2025 08:30:48 AM
-1,1.00,08/09/2025 08:20:33 AM
16,1.00,08/09/2025 08:10:15 AM
-1,1.00,08/09/2025 08:01:03 AM
20,1.00,08/09/2025 07:50:15 AM
-1,1.00,08/09/2025 07:40:01 AM
-1,1.00,08/09/2025 07:30:48 AM
35,1.00,08/09/2025 07:20:33 AM
18,1.00,08/09/2025 07:10:14 AM
35,1.00,08/09/2025 07:01:02 AM
18,1.00,08/09/2025 06:50:15 AM
16,1.00,08/09/2025 06:40:00 AM
-1,1.00,08/09/2025 06:30:48 AM
17,1.00,08/09/2025 06:20:33 AM
-1,1.00,08/09/2025 06:10:14 AM
33,1.00,08/09/2025 06:01:02 AM
16,1.00,08/09/2025 05:50:15 AM
27,1.00,08/09/2025 05:40:00 AM
35,1.00,08/09/2025 05:30:48 AM
18,1.00,08/09/2025 05:20:33 AM
-1,1.00,08/09/2025 05:10:14 AM
41,1.00,08/09/2025 05:01:02 AM
-1,1.00,08/09/2025 04:50:15 AM
-1,1.00,08/09/2025 04:40:00 AM
-1,1.00,08/09/2025 04:20:33 AM
-1,1.00,08/09/2025 04:10:14 AM
-1,1.00,08/09/2025 04:01:02 AM
38,1.00,08/09/2025 03:50:15 AM
-1,1.00,08/09/2025 03:40:01 AM
31,1.00,08/09/2025 03:30:47 AM
-1,1.00,08/09/2025 03:20:32 AM
-1,1.00,08/09/2025 03:10:15 AM
-1,1.00,08/09/2025 03:01:03 AM
-1,1.00,08/09/2025 02:50:14 AM
30,1.00,08/09/2025 02:40:01 AM
-1,1.00,08/09/2025 02:30:47 AM
-1,1.00,08/09/2025 02:20:32 AM
-1,1.00,08/09/2025 02:10:15 AM
-1,1.00,08/09/2025 02:01:03 AM
30,1.00,08/09/2025 01:50:14 AM
30,1.00,08/09/2025 01:40:01 AM
-1,1.00,08/09/2025 01:30:47 AM
-1,1.00,08/09/2025 01:20:32 AM
39,1.00,08/09/2025 01:10:15 AM
31,1.00,08/09/2025 01:01:03 AM
28,1.00,08/09/2025 12:50:15 AM
-1,1.00,08/09/2025 12:40:01 AM
17,1.00,08/09/2025 12:30:47 AM
40,1.00,08/09/2025 12:20:33 AM
40,1.00,08/09/2025 12:10:15 AM
-1,1.00,08/09/2025 12:01:03 AM
36,1.00,08/08/2025 11:50:15 PM
37,1.00,08/08/2025 11:40:01 PM
-1,1.00,08/08/2025 11:30:47 PM
32,1.00,08/08/2025 11:20:33 PM
-1,1.00,08/08/2025 11:10:15 PM
31,1.00,08/08/2025 11:01:03 PM
19,1.00,08/08/2025 10:50:15 PM
35,1.00,08/08/2025 10:40:01 PM
-1,1.00,08/08/2025 10:30:47 PM
-1,1.00,08/08/2025 10:20:33 PM
29,1.00,08/08/2025 10:10:15 PM
-1,1.00,08/08/2025 10:01:04 PM
32,1.00,08/08/2025 09:50:15 PM
41,1.00,08/08/2025 09:40:01 PM
15,1.00,08/08/2025 09:30:48 PM
-1,1.00,08/08/2025 09:20:33 PM
-1,1.00,08/08/2025 09:10:16 PM
33,1.00,08/08/2025 09:01:03 PM
29,1.00,08/08/2025 08:50:15 PM
33,1.00,08/08/2025 08:40:01 PM
40,1.00,08/08/2025 08:30:49 PM
27,1.00,08/08/2025 08:20:33 PM
16,1.00,08/08/2025 08:10:15 PM
31,1.00,08/08/2025 08:01:03 PM
31,1.00,08/08/2025 07:50:15 PM
18,1.00,08/08/2025 07:40:01 PM
31,1.00,08/08/2025 07:30:49 PM
30,1.00,08/08/2025 07:20:33 PM
35,1.00,08/08/2025 07:10:15 PM
17,1.00,08/08/2025 07:01:03 PM
20,1.00,08/08/2025 06:50:15 PM
33,1.00,08/08/2025 06:40:02 PM
31,1.00,08/08/2025 06:30:49 PM
35,1.00,08/08/2025 06:20:33 PM
29,1.00,08/08/2025 06:10:16 PM
31,1.00,08/08/2025 06:01:04 PM
12,1.00,08/08/2025 05:50:16 PM
31,1.00,08/08/2025 05:40:02 PM
18,1.00,08/08/2025 05:30:49 PM
25,1.00,08/08/2025 05:20:35 PM
27,1.00,08/08/2025 05:10:16 PM
16,1.00,08/08/2025 05:01:03 PM
36,1.00,08/08/2025 04:50:15 PM
18,1.00,08/08/2025 04:40:02 PM
25,1.00,08/08/2025 04:30:49 PM
-1,1.00,08/08/2025 04:20:34 PM
19,1.00,08/08/2025 04:10:15 PM
30,1.00,08/08/2025 04:01:03 PM
18,1.00,08/08/2025 03:50:15 PM
16,1.00,08/08/2025 03:40:02 PM
41,1.00,08/08/2025 03:30:49 PM
34,1.00,08/08/2025 03:20:35 PM
28,1.00,08/08/2025 03:10:15 PM
31,1.00,08/08/2025 03:01:03 PM
37,1.00,08/08/2025 02:50:15 PM
16,1.00,08/08/2025 02:40:01 PM
36,1.00,08/08/2025 02:30:49 PM
17,1.00,08/08/2025 02:20:35 PM
15,1.00,08/08/2025 02:10:15 PM
31,1.00,08/08/2025 02:01:03 PM
31,1.00,08/08/2025 01:50:15 PM
-1,1.00,08/08/2025 01:40:01 PM
38,1.00,08/08/2025 01:30:48 PM
40,1.00,08/08/2025 01:20:34 PM
40,1.00,08/08/2025 01:10:15 PM
-1,1.00,08/08/2025 01:01:03 PM
31,1.00,08/08/2025 12:50:16 PM
18,1.00,08/08/2025 12:40:01 PM
34,1.00,08/08/2025 12:30:48 PM
15,1.00,08/08/2025 12:20:34 PM
27,1.00,08/08/2025 12:10:15 PM
-1,1.00,08/08/2025 12:01:03 PM
16,1.00,08/08/2025 11:50:16 AM
31,1.00,08/08/2025 11:40:01 AM
35,1.00,08/08/2025 11:30:48 AM
41,1.00,08/08/2025 11:20:34 AM
32,1.00,08/08/2025 11:10:15 AM
31,1.00,08/08/2025 11:01:03 AM
35,1.00,08/08/2025 10:50:16 AM
39,1.00,08/08/2025 10:40:01 AM
31,1.00,08/08/2025 10:30:48 AM
26,1.00,08/08/2025 10:20:34 AM
32,1.00,08/08/2025 10:10:16 AM
34,1.00,08/08/2025 10:01:04 AM
38,1.00,08/08/2025 09:50:16 AM
20,1.00,08/08/2025 09:40:02 AM
12,1.00,08/08/2025 09:30:48 AM
33,1.00,08/08/2025 09:20:34 AM
18,1.00,08/08/2025 09:10:16 AM
41,1.00,08/08/2025 09:01:04 AM
38,1.00,08/08/2025 08:50:16 AM
29,1.00,08/08/2025 08:40:02 AM
25,1.00,08/08/2025 08:30:48 AM
30,1.00,08/08/2025 08:20:34 AM
14,1.00,08/08/2025 08:10:16 AM
18,1.00,08/08/2025 08:01:04 AM
17,1.00,08/08/2025 07:50:16 AM
31,1.00,08/08/2025 07:40:02 AM
35,1.00,08/08/2025 07:30:49 AM
31,1.00,08/08/2025 07:20:34 AM
26,1.00,08/08/2025 07:10:16 AM
-1,1.00,08/08/2025 07:01:04 AM
26,1.00,08/08/2025 06:50:16 AM
-1,1.00,08/08/2025 06:40:02 AM
-1,1.00,08/08/2025 06:30:49 AM
25,1.00,08/08/2025 06:20:33 AM
-1,1.00,08/08/2025 06:10:15 AM
16,1.00,08/08/2025 06:01:03 AM
-1,1.00,08/08/2025 05:50:15 AM
38,1.00,08/08/2025 05:40:01 AM
-1,1.00,08/08/2025 05:30:48 AM
25,1.00,08/08/2025 05:20:32 AM
-1,1.00,08/08/2025 05:10:15 AM
16,1.00,08/08/2025 05:01:03 AM
-1,1.00,08/08/2025 04:40:01 AM
23,1.00,08/08/2025 04:30:48 AM
-1,1.00,08/08/2025 04:20:33 AM
-1,1.00,08/08/2025 04:10:14 AM
31,1.00,08/08/2025 04:01:02 AM
36,1.00,08/08/2025 03:50:14 AM
31,1.00,08/08/2025 03:40:00 AM
24,1.00,08/08/2025 03:30:48 AM
-1,1.00,08/08/2025 03:20:33 AM
-1,1.00,08/08/2025 03:10:14 AM
16,1.00,08/08/2025 03:01:02 AM
-1,1.00,08/08/2025 02:50:14 AM
16,1.00,08/08/2025 02:40:00 AM
-1,1.00,08/08/2025 02:30:47 AM
22,1.00,08/08/2025 02:20:33 AM
-1,1.00,08/08/2025 02:10:14 AM
31,1.00,08/08/2025 02:01:02 AM
32,1.00,08/08/2025 01:50:14 AM
-1,1.00,08/08/2025 01:40:00 AM
-1,1.00,08/08/2025 01:30:47 AM
-1,1.00,08/08/2025 01:20:33 AM
-1,1.00,08/08/2025 01:10:14 AM
36,1.00,08/08/2025 01:01:03 AM
37,1.00,08/08/2025 12:50:15 AM
-1,1.00,08/08/2025 12:40:00 AM
-1,1.00,08/08/2025 12:30:47 AM
-1,1.00,08/08/2025 12:20:33 AM
35,1.00,08/08/2025 12:10:14 AM
17,1.00,08/08/2025 12:01:03 AM
-1,1.00,08/07/2025 11:50:15 PM
41,1.00,08/07/2025 11:40:00 PM
-1,1.00,08/07/2025 11:30:48 PM
32,1.00,08/07/2025 11:20:33 PM
33,1.00,08/07/2025 11:10:14 PM
19,1.00,08/07/2025 11:01:03 PM
-1,1.00,08/07/2025 10:50:15 PM
27,1.00,08/07/2025 10:40:02 PM
20,1.00,08/07/2025 10:30:48 PM
-1,1.00,08/07/2025 10:20:33 PM
32,1.00,08/07/2025 10:10:16 PM
-1,1.00,08/07/2025 10:01:03 PM
35,1.00,08/07/2025 09:50:15 PM
38,1.00,08/07/2025 09:40:01 PM
40,1.00,08/07/2025 09:30:48 PM
-1,1.00,08/07/2025 09:20:33 PM
-1,1.00,08/07/2025 09:10:15 PM
41,1.00,08/07/2025 09:01:03 PM
-1,1.00,08/07/2025 08:50:15 PM
35,1.00,08/07/2025 08:40:01 PM
18,1.00,08/07/2025 08:30:49 PM
30,1.00,08/07/2025 08:20:33 PM
28,1.00,08/07/2025 08:10:16 PM
37,1.00,08/07/2025 08:01:03 PM
41,1.00,08/07/2025 07:50:15 PM
37,1.00,08/07/2025 07:40:02 PM
17,1.00,08/07/2025 07:30:49 PM
40,1.00,08/07/2025 07:20:33 PM
41,1.00,08/07/2025 07:10:16 PM
17,1.00,08/07/2025 07:01:03 PM
40,1.00,08/07/2025 06:50:15 PM
41,1.00,08/07/2025 06:40:02 PM
-1,1.00,08/07/2025 06:30:49 PM
36,1.00,08/07/2025 06:20:34 PM
33,1.00,08/07/2025 06:10:16 PM
18,1.00,08/07/2025 06:01:05 PM
38,1.00,08/07/2025 05:50:16 PM
13,1.00,08/07/2025 05:40:02 PM
33,1.00,08/07/2025 05:30:49 PM
32,1.00,08/07/2025 05:20:35 PM
26,1.00,08/07/2025 05:10:16 PM
-1,1.00,08/07/2025 05:01:03 PM
19,1.00,08/07/2025 04:50:16 PM
38,1.00,08/07/2025 04:40:02 PM
13,1.00,08/07/2025 04:30:49 PM
35,1.00,08/07/2025 04:20:35 PM
35,1.00,08/07/2025 04:10:16 PM
35,1.00,08/07/2025 04:01:03 PM
38,1.00,08/07/2025 03:50:16 PM
16,1.00,08/07/2025 03:40:02 PM
33,1.00,08/07/2025 03:30:49 PM
39,1.00,08/07/2025 03:20:34 PM
-1,1.00,08/07/2025 03:10:16 PM
14,1.00,08/07/2025 03:01:03 PM
22,1.00,08/07/2025 02:50:15 PM
40,1.00,08/07/2025 02:40:01 PM
16,1.00,08/07/2025 02:30:49 PM
33,1.00,08/07/2025 02:20:34 PM
17,1.00,08/07/2025 02:10:15 PM
39,1.00,08/07/2025 02:01:03 PM
31,1.00,08/07/2025 01:50:15 PM
-1,1.00,08/07/2025 01:40:01 PM
16,1.00,08/07/2025 01:30:48 PM
31,1.00,08/07/2025 01:20:34 PM
40,1.00,08/07/2025 01:10:15 PM
27,1.00,08/07/2025 01:01:03 PM
-1,1.00,08/07/2025 12:50:15 PM
16,1.00,08/07/2025 12:40:01 PM
34,1.00,08/07/2025 12:30:48 PM
16,1.00,08/07/2025 12:20:33 PM
-1,1.00,08/07/2025 12:10:15 PM
31,1.00,08/07/2025 12:01:04 PM
15,1.00,08/07/2025 11:50:16 AM
22,1.00,08/07/2025 11:40:01 AM
35,1.00,08/07/2025 11:30:48 AM
31,1.00,08/07/2025 11:20:34 AM
34,1.00,08/07/2025 11:10:15 AM
17,1.00,08/07/2025 11:01:04 AM
15,1.00,08/07/2025 10:50:16 AM
38,1.00,08/07/2025 10:40:01 AM
18,1.00,08/07/2025 10:30:48 AM
25,1.00,08/07/2025 10:20:34 AM
33,1.00,08/07/2025 10:10:15 AM
23,1.00,08/07/2025 10:01:04 AM
29,1.00,08/07/2025 09:50:16 AM
29,1.00,08/07/2025 09:40:01 AM
23,1.00,08/07/2025 09:30:48 AM
20,1.00,08/07/2025 09:20:34 AM
36,1.00,08/07/2025 09:10:15 AM
20,1.00,08/07/2025 09:01:04 AM
18,1.00,08/07/2025 08:50:16 AM
14,1.00,08/07/2025 08:40:02 AM
29,1.00,08/07/2025 08:30:48 AM
35,1.00,08/07/2025 08:20:34 AM
27,1.00,08/07/2025 08:10:15 AM
19,1.00,08/07/2025 08:01:04 AM
18,1.00,08/07/2025 07:50:18 AM
37,1.00,08/07/2025 07:40:01 AM
32,1.00,08/07/2025 07:30:48 AM
31,1.00,08/07/2025 07:20:34 AM
28,1.00,08/07/2025 07:10:15 AM
24,1.00,08/07/2025 07:01:04 AM
32,1.00,08/07/2025 06:50:16 AM
-1,1.00,08/07/2025 06:40:02 AM
-1,1.00,08/07/2025 06:30:49 AM
-1,1.00,08/07/2025 06:20:33 AM
-1,1.00,08/07/2025 06:10:16 AM
38,1.00,08/07/2025 06:01:03 AM
-1,1.00,08/07/2025 05:50:15 AM
30,1.00,08/07/2025 05:40:01 AM
-1,1.00,08/07/2025 05:30:48 AM
22,1.00,08/07/2025 05:20:33 AM
-1,1.00,08/07/2025 05:10:15 AM
31,1.00,08/07/2025 05:01:03 AM
-1,1.00,08/07/2025 04:50:15 AM
-1,1.00,08/07/2025 04:40:01 AM
27,1.00,08/07/2025 04:30:48 AM
-1,1.00,08/07/2025 04:20:32 AM
-1,1.00,08/07/2025 04:10:15 AM
-1,1.00,08/07/2025 04:01:02 AM
-1,1.00,08/07/2025 03:50:14 AM
-1,1.00,08/07/2025 03:40:01 AM
31,1.00,08/07/2025 03:30:48 AM
-1,1.00,08/07/2025 03:20:32 AM
15,1.00,08/07/2025 03:10:14 AM
-1,1.00,08/07/2025 03:01:02 AM
-1,1.00,08/07/2025 02:50:14 AM
16,1.00,08/07/2025 02:40:00 AM
30,1.00,08/07/2025 02:30:47 AM
30,1.00,08/07/2025 02:20:33 AM
-1,1.00,08/07/2025 02:10:14 AM
18,1.00,08/07/2025 02:01:02 AM
31,1.00,08/07/2025 01:50:14 AM
-1,1.00,08/07/2025 01:40:00 AM
31,1.00,08/07/2025 01:30:47 AM
-1,1.00,08/07/2025 01:20:33 AM
18,1.00,08/07/2025 01:10:14 AM
31,1.00,08/07/2025 01:01:02 AM
40,1.00,08/07/2025 12:50:14 AM
-1,1.00,08/07/2025 12:40:00 AM
-1,1.00,08/07/2025 12:30:47 AM
16,1.00,08/07/2025 12:20:33 AM
-1,1.00,08/07/2025 12:10:14 AM
-1,1.00,08/07/2025 12:01:02 AM
29,1.00,08/06/2025 11:50:14 PM
31,1.00,08/06/2025 11:40:00 PM
31,1.00,08/06/2025 11:30:47 PM
-1,1.00,08/06/2025 11:20:33 PM
-1,1.00,08/06/2025 11:10:14 PM
41,1.00,08/06/2025 11:01:02 PM
-1,1.00,08/06/2025 10:50:15 PM
31,1.00,08/06/2025 10:40:01 PM
38,1.00,08/06/2025 10:30:48 PM
36,1.00,08/06/2025 10:20:33 PM
-1,1.00,08/06/2025 10:10:15 PM
-1,1.00,08/06/2025 10:01:03 PM
29,1.00,08/06/2025 09:50:15 PM
-1,1.00,08/06/2025 09:40:01 PM
19,1.00,08/06/2025 09:30:48 PM
30,1.00,08/06/2025 09:20:33 PM
-1,1.00,08/06/2025 09:10:15 PM
16,1.00,08/06/2025 09:01:03 PM
33,1.00,08/06/2025 08:50:15 PM
32,1.00,08/06/2025 08:40:01 PM
36,1.00,08/06/2025 08:30:48 PM
20,1.00,08/06/2025 08:20:33 PM
31,1.00,08/06/2025 08:10:16 PM
16,1.00,08/06/2025 08:01:03 PM
36,1.00,08/06/2025 07:50:16 PM
33,1.00,08/06/2025 07:40:02 PM
39,1.00,08/06/2025 07:30:49 PM
38,1.00,08/06/2025 07:20:34 PM
18,1.00,08/06/2025 07:10:16 PM
32,1.00,08/06/2025 07:01:04 PM
31,1.00,08/06/2025 06:50:16 PM
27,1.00,08/06/2025 06:40:02 PM
27,1.00,08/06/2025 06:30:49 PM
40,1.00,08/06/2025 06:20:33 PM
40,1.00,08/06/2025 06:10:16 PM
35,1.00,08/06/2025 06:01:04 PM
28,1.00,08/06/2025 05:50:16 PM
-1,1.00,08/06/2025 05:40:02 PM
16,1.00,08/06/2025 05:30:49 PM
39,1.00,08/06/2025 05:20:34 PM
-1,1.00,08/06/2025 05:10:16 PM
-1,1.00,08/06/2025 05:01:04 PM
38,1.00,08/06/2025 04:50:17 PM
38,1.00,08/06/2025 04:40:03 PM
18,1.00,08/06/2025 04:30:49 PM
29,1.00,08/06/2025 04:20:34 PM
28,1.00,08/06/2025 04:10:16 PM
35,1.00,08/06/2025 04:01:04 PM
38,1.00,08/06/2025 03:50:18 PM
30,1.00,08/06/2025 03:40:02 PM
30,1.00,08/06/2025 03:30:49 PM
31,1.00,08/06/2025 03:20:35 PM
31,1.00,08/06/2025 03:10:16 PM
31,1.00,08/06/2025 03:01:04 PM
-1,1.00,08/06/2025 02:50:16 PM
15,1.00,08/06/2025 02:40:02 PM
33,1.00,08/06/2025 02:30:49 PM
-1,1.00,08/06/2025 02:20:34 PM
14,1.00,08/06/2025 02:10:15 PM
34,1.00,08/06/2025 02:01:03 PM
30,1.00,08/06/2025 01:50:15 PM
31,1.00,08/06/2025 01:40:02 PM
39,1.00,08/06/2025 01:30:48 PM
41,1.00,08/06/2025 01:20:34 PM
-1,1.00,08/06/2025 01:10:15 PM
35,1.00,08/06/2025 01:01:03 PM
40,1.00,08/06/2025 12:50:15 PM
31,1.00,08/06/2025 12:40:01 PM
16,1.00,08/06/2025 12:30:48 PM
35,1.00,08/06/2025 12:20:34 PM
-1,1.00,08/06/2025 12:10:17 PM
35,1.00,08/06/2025 12:01:03 PM
16,1.00,08/06/2025 11:50:15 AM
35,1.00,08/06/2025 11:40:01 AM
39,1.00,08/06/2025 11:30:48 AM
33,1.00,08/06/2025 11:20:34 AM
33,1.00,08/06/2025 11:10:15 AM
35,1.00,08/06/2025 11:01:03 AM
41,1.00,08/06/2025 10:50:15 AM
17,1.00,08/06/2025 10:40:01 AM
33,1.00,08/06/2025 10:30:48 AM
38,1.00,08/06/2025 10:20:34 AM
36,1.00,08/06/2025 10:10:15 AM
29,1.00,08/06/2025 10:01:03 AM
27,1.00,08/06/2025 09:50:15 AM
35,1.00,08/06/2025 09:40:04 AM
17,1.00,08/06/2025 09:30:48 AM
31,1.00,08/06/2025 09:20:34 AM
-1,1.00,08/06/2025 09:10:15 AM
31,1.00,08/06/2025 09:01:03 AM
35,1.00,08/06/2025 08:50:15 AM
18,1.00,08/06/2025 08:40:02 AM
38,1.00,08/06/2025 08:30:49 AM
26,1.00,08/06/2025 08:20:35 AM
16,1.00,08/06/2025 08:10:15 AM
24,1.00,08/06/2025 08:01:03 AM
35,1.00,08/06/2025 07:50:15 AM
32,1.00,08/06/2025 07:40:02 AM
35,1.00,08/06/2025 07:30:48 AM
31,1.00,08/06/2025 07:20:36 AM
34,1.00,08/06/2025 07:10:15 AM
10,1.00,08/06/2025 07:01:03 AM
34,1.00,08/06/2025 06:50:15 AM
17,1.00,08/06/2025 06:40:01 AM
31,1.00,08/06/2025 06:30:48 AM
41,1.00,08/06/2025 06:20:33 AM
-1,1.00,08/06/2025 06:10:16 AM
16,1.00,08/06/2025 06:01:04 AM
32,1.00,08/06/2025 05:50:16 AM
-1,1.00,08/06/2025 05:40:01 AM
-1,1.00,08/06/2025 05:30:48 AM
28,1.00,08/06/2025 05:20:33 AM
-1,1.00,08/06/2025 05:10:15 AM
16,1.00,08/06/2025 05:01:03 AM
-1,1.00,08/06/2025 04:50:15 AM
31,1.00,08/06/2025 04:40:00 AM
25,1.00,08/06/2025 04:30:47 AM
-1,1.00,08/06/2025 04:20:32 AM
38,1.00,08/06/2025 04:10:15 AM
33,1.00,08/06/2025 04:01:03 AM
-1,1.00,08/06/2025 03:50:15 AM
-1,1.00,08/06/2025 03:40:00 AM
18,1.00,08/06/2025 03:30:47 AM
31,1.00,08/06/2025 03:20:32 AM
15,1.00,08/06/2025 03:10:15 AM
25,1.00,08/06/2025 03:01:03 AM
-1,1.00,08/06/2025 02:50:15 AM
31,1.00,08/06/2025 02:40:00 AM
-1,1.00,08/06/2025 02:30:47 AM
17,1.00,08/06/2025 02:20:32 AM
-1,1.00,08/06/2025 02:10:15 AM
19,1.00,08/06/2025 02:01:03 AM
-1,1.00,08/06/2025 01:50:15 AM
17,1.00,08/06/2025 01:40:01 AM
31,1.00,08/06/2025 01:30:48 AM
-1,1.00,08/06/2025 01:20:32 AM
41,1.00,08/06/2025 01:10:15 AM
-1,1.00,08/06/2025 01:01:03 AM
30,1.00,08/06/2025 12:50:15 AM
-1,1.00,08/06/2025 12:40:01 AM
16,1.00,08/06/2025 12:30:48 AM
-1,1.00,08/06/2025 12:20:32 AM
18,1.00,08/06/2025 12:10:15 AM
-1,1.00,08/06/2025 12:01:03 AM
39,1.00,08/05/2025 11:50:15 PM
-1,1.00,08/05/2025 11:40:01 PM
38,1.00,08/05/2025 11:30:48 PM
18,1.00,08/05/2025 11:20:32 PM
35,1.00,08/05/2025 11:10:15 PM
-1,1.00,08/05/2025 11:01:03 PM
-1,1.00,08/05/2025 10:50:15 PM
17,1.00,08/05/2025 10:40:02 PM
-1,1.00,08/05/2025 10:30:48 PM
31,1.00,08/05/2025 10:20:33 PM
34,1.00,08/05/2025 10:10:15 PM
35,1.00,08/05/2025 10:01:03 PM
33,1.00,08/05/2025 09:50:15 PM
40,1.00,08/05/2025 09:40:01 PM
17,1.00,08/05/2025 09:30:48 PM
-1,1.00,08/05/2025 09:20:34 PM
35,1.00,08/05/2025 09:10:15 PM
23,1.00,08/05/2025 09:01:03 PM
30,1.00,08/05/2025 08:50:15 PM
-1,1.00,08/05/2025 08:40:01 PM
31,1.00,08/05/2025 08:30:48 PM
31,1.00,08/05/2025 08:20:34 PM
31,1.00,08/05/2025 08:10:15 PM
29,1.00,08/05/2025 08:01:03 PM
-1,1.00,08/05/2025 07:50:15 PM
17,1.00,08/05/2025 07:40:03 PM
35,1.00,08/05/2025 07:30:48 PM
38,1.00,08/05/2025 07:20:34 PM
33,1.00,08/05/2025 07:10:15 PM
17,1.00,08/05/2025 07:01:05 PM
35,1.00,08/05/2025 06:50:15 PM
31,1.00,08/05/2025 06:40:02 PM
38,1.00,08/05/2025 06:30:49 PM
29,1.00,08/05/2025 06:20:35 PM
31,1.00,08/05/2025 06:10:17 PM
41,1.00,08/05/2025 06:01:03 PM
30,1.00,08/05/2025 05:50:15 PM
18,1.00,08/05/2025 05:40:02 PM
27,1.00,08/05/2025 05:30:49 PM
38,1.00,08/05/2025 05:20:35 PM
20,1.00,08/05/2025 05:10:15 PM
31,1.00,08/05/2025 05:01:03 PM
35,1.00,08/05/2025 04:50:15 PM
18,1.00,08/05/2025 04:40:02 PM
39,1.00,08/05/2025 04:30:49 PM
34,1.00,08/05/2025 04:20:34 PM
32,1.00,08/05/2025 04:10:15 PM
33,1.00,08/05/2025 04:01:03 PM
40,1.00,08/05/2025 03:50:15 PM
27,1.00,08/05/2025 03:40:01 PM
36,1.00,08/05/2025 03:30:48 PM
36,1.00,08/05/2025 03:20:34 PM
-1,1.00,08/05/2025 03:10:16 PM
30,1.00,08/05/2025 03:01:05 PM
-1,1.00,08/05/2025 02:50:16 PM
-1,1.00,08/05/2025 02:40:01 PM
19,1.00,08/05/2025 02:30:48 PM
31,1.00,08/05/2025 02:20:34 PM
16,1.00,08/05/2025 02:10:16 PM
-1,1.00,08/05/2025 02:01:04 PM
41,1.00,08/05/2025 01:50:16 PM
30,1.00,08/05/2025 01:40:01 PM
35,1.00,08/05/2025 01:30:48 PM
29,1.00,08/05/2025 01:20:33 PM
31,1.00,08/05/2025 01:10:16 PM
41,1.00,08/05/2025 01:01:04 PM
36,1.00,08/05/2025 12:50:16 PM
41,1.00,08/05/2025 12:40:01 PM
16,1.00,08/05/2025 12:30:48 PM
16,1.00,08/05/2025 12:20:33 PM
40,1.00,08/05/2025 12:10:16 PM
28,1.00,08/05/2025 12:01:03 PM
29,1.00,08/05/2025 11:50:15 AM
31,1.00,08/05/2025 11:40:02 AM
34,1.00,08/05/2025 11:30:49 AM
29,1.00,08/05/2025 11:20:33 AM
32,1.00,08/05/2025 11:10:16 AM
19,1.00,08/05/2025 11:01:03 AM
41,1.00,08/05/2025 10:50:15 AM
20,1.00,08/05/2025 10:40:02 AM
18,1.00,08/05/2025 10:30:49 AM
33,1.00,08/05/2025 10:20:34 AM
33,1.00,08/05/2025 10:10:16 AM
33,1.00,08/05/2025 10:01:04 AM
41,1.00,08/05/2025 09:50:16 AM
17,1.00,08/05/2025 09:40:02 AM
33,1.00,08/05/2025 09:30:49 AM
-1,1.00,08/05/2025 09:20:34 AM
18,1.00,08/05/2025 09:10:16 AM
39,1.00,08/05/2025 09:01:04 AM
39,1.00,08/05/2025 08:50:16 AM
27,1.00,08/05/2025 08:40:02 AM
36,1.00,08/05/2025 08:30:49 AM
40,1.00,08/05/2025 08:20:34 AM
32,1.00,08/05/2025 08:10:16 AM
-1,1.00,08/05/2025 08:01:04 AM
37,1.00,08/05/2025 07:50:16 AM
30,1.00,08/05/2025 07:40:04 AM
27,1.00,08/05/2025 07:30:49 AM
27,1.00,08/05/2025 07:20:35 AM
28,1.00,08/05/2025 07:10:16 AM
17,1.00,08/05/2025 07:01:04 AM
37,1.00,08/05/2025 06:50:15 AM
38,1.00,08/05/2025 06:40:01 AM
-1,1.00,08/05/2025 06:30:48 AM
30,1.00,08/05/2025 06:20:34 AM
-1,1.00,08/05/2025 06:10:15 AM
-1,1.00,08/05/2025 06:01:03 AM
-1,1.00,08/05/2025 05:50:15 AM
30,1.00,08/05/2025 05:40:01 AM
-1,1.00,08/05/2025 05:30:48 AM
26,1.00,08/05/2025 05:20:33 AM
-1,1.00,08/05/2025 05:10:15 AM
18,1.00,08/05/2025 05:01:02 AM
-1,1.00,08/05/2025 04:50:14 AM
-1,1.00,08/05/2025 04:40:01 AM
27,1.00,08/05/2025 04:30:47 AM
-1,1.00,08/05/2025 04:20:33 AM
18,1.00,08/05/2025 04:10:14 AM
35,1.00,08/05/2025 04:01:02 AM
-1,1.00,08/05/2025 03:50:14 AM
-1,1.00,08/05/2025 03:40:00 AM
17,1.00,08/05/2025 03:30:47 AM
-1,1.00,08/05/2025 03:20:32 AM
-1,1.00,08/05/2025 03:10:14 AM
-1,1.00,08/05/2025 03:01:02 AM
-1,1.00,08/05/2025 02:50:14 AM
18,1.00,08/05/2025 02:40:00 AM
-1,1.00,08/05/2025 02:30:47 AM
17,1.00,08/05/2025 02:20:32 AM
-1,1.00,08/05/2025 02:10:14 AM
18,1.00,08/05/2025 02:01:02 AM
31,1.00,08/05/2025 01:50:14 AM
-1,1.00,08/05/2025 01:40:00 AM
34,1.00,08/05/2025 01:30:47 AM
-1,1.00,08/05/2025 01:20:32 AM
31,1.00,08/05/2025 01:10:14 AM
34,1.00,08/05/2025 01:01:03 AM
18,1.00,08/05/2025 12:50:14 AM
31,1.00,08/05/2025 12:40:00 AM
-1,1.00,08/05/2025 12:30:47 AM
39,1.00,08/05/2025 12:20:33 AM
-1,1.00,08/05/2025 12:10:14 AM
-1,1.00,08/05/2025 12:01:03 AM
29,1.00,08/04/2025 11:50:14 PM
20,1.00,08/04/2025 11:40:00 PM
-1,1.00,08/04/2025 11:30:47 PM
35,1.00,08/04/2025 11:20:33 PM
-1,1.00,08/04/2025 11:10:15 PM
-1,1.00,08/04/2025 11:01:03 PM
17,1.00,08/04/2025 10:50:14 PM
31,1.00,08/04/2025 10:40:01 PM
18,1.00,08/04/2025 10:30:47 PM
-1,1.00,08/04/2025 10:20:33 PM
29,1.00,08/04/2025 10:10:15 PM
31,1.00,08/04/2025 10:01:03 PM
32,1.00,08/04/2025 09:50:15 PM
-1,1.00,08/04/2025 09:40:01 PM
41,1.00,08/04/2025 09:30:48 PM
-1,1.00,08/04/2025 09:20:33 PM
41,1.00,08/04/2025 09:10:15 PM
-1,1.00,08/04/2025 09:01:03 PM
27,1.00,08/04/2025 08:50:15 PM
41,1.00,08/04/2025 08:40:02 PM
35,1.00,08/04/2025 08:30:48 PM
17,1.00,08/04/2025 08:20:33 PM
31,1.00,08/04/2025 08:10:15 PM
36,1.00,08/04/2025 08:01:03 PM
31,1.00,08/04/2025 07:50:15 PM
41,1.00,08/04/2025 07:40:02 PM
38,1.00,08/04/2025 07:30:49 PM
18,1.00,08/04/2025 07:20:33 PM
41,1.00,08/04/2025 07:10:16 PM
27,1.00,08/04/2025 07:01:04 PM
17,1.00,08/04/2025 06:50:16 PM
38,1.00,08/04/2025 06:40:02 PM
30,1.00,08/04/2025 06:30:49 PM
-1,1.00,08/04/2025 06:20:35 PM
33,1.00,08/04/2025 06:10:16 PM
32,1.00,08/04/2025 06:01:04 PM
32,1.00,08/04/2025 05:50:16 PM
17,1.00,08/04/2025 05:40:02 PM
35,1.00,08/04/2025 05:30:49 PM
31,1.00,08/04/2025 05:20:35 PM
31,1.00,08/04/2025 05:10:16 PM
-1,1.00,08/04/2025 05:01:04 PM
18,1.00,08/04/2025 04:50:15 PM
39,1.00,08/04/2025 04:40:03 PM
18,1.00,08/04/2025 04:30:49 PM
38,1.00,08/04/2025 04:20:34 PM
38,1.00,08/04/2025 04:10:15 PM
40,1.00,08/04/2025 04:01:03 PM
41,1.00,08/04/2025 03:50:15 PM
16,1.00,08/04/2025 03:40:02 PM
35,1.00,08/04/2025 03:30:49 PM
31,1.00,08/04/2025 03:20:35 PM
38,1.00,08/04/2025 03:10:16 PM
32,1.00,08/04/2025 03:01:04 PM
31,1.00,08/04/2025 02:50:16 PM
27,1.00,08/04/2025 02:40:01 PM
20,1.00,08/04/2025 02:30:48 PM
30,1.00,08/04/2025 02:20:35 PM
16,1.00,08/04/2025 02:10:16 PM
26,1.00,08/04/2025 02:01:04 PM
31,1.00,08/04/2025 01:50:16 PM
20,1.00,08/04/2025 01:40:01 PM
38,1.00,08/04/2025 01:30:48 PM
30,1.00,08/04/2025 01:20:33 PM
-1,1.00,08/04/2025 01:10:16 PM
30,1.00,08/04/2025 01:01:04 PM
13,1.00,08/04/2025 12:50:15 PM
25,1.00,08/04/2025 12:40:01 PM
-1,1.00,08/04/2025 12:30:48 PM
31,1.00,08/04/2025 12:20:34 PM
25,1.00,08/04/2025 12:10:15 PM
34,1.00,08/04/2025 12:01:03 PM
16,1.00,08/04/2025 11:50:15 AM
38,1.00,08/04/2025 11:40:02 AM
27,1.00,08/04/2025 11:30:49 AM
37,1.00,08/04/2025 11:20:33 AM
16,1.00,08/04/2025 11:10:15 AM
27,1.00,08/04/2025 11:01:03 AM
39,1.00,08/04/2025 10:50:15 AM
31,1.00,08/04/2025 10:40:02 AM
31,1.00,08/04/2025 10:30:49 AM
38,1.00,08/04/2025 10:20:33 AM
40,1.00,08/04/2025 10:10:15 AM
36,1.00,08/04/2025 10:01:04 AM
18,1.00,08/04/2025 09:50:15 AM
17,1.00,08/04/2025 09:40:02 AM
38,1.00,08/04/2025 09:30:49 AM
15,1.00,08/04/2025 09:20:34 AM
22,1.00,08/04/2025 09:10:16 AM
31,1.00,08/04/2025 09:01:03 AM
35,1.00,08/04/2025 08:50:15 AM
30,1.00,08/04/2025 08:40:02 AM
30,1.00,08/04/2025 08:30:49 AM
29,1.00,08/04/2025 08:20:35 AM
18,1.00,08/04/2025 08:10:15 AM
31,1.00,08/04/2025 08:01:03 AM
37,1.00,08/04/2025 07:50:15 AM
27,1.00,08/04/2025 07:40:02 AM
40,1.00,08/04/2025 07:30:49 AM
33,1.00,08/04/2025 07:20:34 AM
33,1.00,08/04/2025 07:10:15 AM
28,1.00,08/04/2025 07:01:03 AM
31,1.00,08/04/2025 06:50:15 AM
17,1.00,08/04/2025 06:40:01 AM
15,1.00,08/04/2025 06:30:48 AM
35,1.00,08/04/2025 06:20:34 AM
-1,1.00,08/04/2025 06:10:15 AM
20,1.00,08/04/2025 06:01:03 AM
-1,1.00,08/04/2025 05:50:15 AM
33,1.00,08/04/2025 05:40:01 AM
-1,1.00,08/04/2025 05:30:48 AM
25,1.00,08/04/2025 05:20:33 AM
-1,1.00,08/04/2025 05:10:14 AM
29,1.00,08/04/2025 05:01:02 AM
-1,1.00,08/04/2025 04:50:14 AM
13,1.00,08/04/2025 04:40:01 AM
27,1.00,08/04/2025 04:30:47 AM
-1,1.00,08/04/2025 04:20:33 AM
31,1.00,08/04/2025 04:10:14 AM
31,1.00,08/04/2025 04:01:02 AM
-1,1.00,08/04/2025 03:50:15 AM
-1,1.00,08/04/2025 03:40:00 AM
27,1.00,08/04/2025 03:30:47 AM
-1,1.00,08/04/2025 03:20:32 AM
15,1.00,08/04/2025 03:10:15 AM
26,1.00,08/04/2025 03:01:03 AM
-1,1.00,08/04/2025 02:50:15 AM
31,1.00,08/04/2025 02:40:00 AM
34,1.00,08/04/2025 02:30:47 AM
16,1.00,08/04/2025 02:20:32 AM
29,1.00,08/04/2025 02:10:15 AM
29,1.00,08/04/2025 02:01:03 AM
-1,1.00,08/04/2025 01:50:15 AM
25,1.00,08/04/2025 01:40:00 AM
-1,1.00,08/04/2025 01:30:47 AM
38,1.00,08/04/2025 01:20:32 AM
16,1.00,08/04/2025 01:10:15 AM
-1,1.00,08/04/2025 01:01:03 AM
38,1.00,08/04/2025 12:50:15 AM
-1,1.00,08/04/2025 12:40:00 AM
31,1.00,08/04/2025 12:30:47 AM
35,1.00,08/04/2025 12:20:32 AM
33,1.00,08/04/2025 12:10:15 AM
23,1.00,08/04/2025 12:01:03 AM
-1,1.00,08/03/2025 11:50:15 PM
31,1.00,08/03/2025 11:40:01 PM
-1,1.00,08/03/2025 11:30:48 PM
41,1.00,08/03/2025 11:20:33 PM
12,1.00,08/03/2025 11:10:15 PM
-1,1.00,08/03/2025 11:01:03 PM
35,1.00,08/03/2025 10:50:15 PM
31,1.00,08/03/2025 10:40:01 PM
-1,1.00,08/03/2025 10:30:48 PM
18,1.00,08/03/2025 10:20:33 PM
25,1.00,08/03/2025 10:10:15 PM
-1,1.00,08/03/2025 10:01:03 PM
36,1.00,08/03/2025 09:50:15 PM
35,1.00,08/03/2025 09:40:01 PM
31,1.00,08/03/2025 09:30:48 PM
18,1.00,08/03/2025 09:20:33 PM
34,1.00,08/03/2025 09:10:15 PM
31,1.00,08/03/2025 09:01:03 PM
31,1.00,08/03/2025 08:50:15 PM
31,1.00,08/03/2025 08:40:01 PM
-1,1.00,08/03/2025 08:30:48 PM
18,1.00,08/03/2025 08:20:33 PM
24,1.00,08/03/2025 08:10:15 PM
12,1.00,08/03/2025 08:01:03 PM
38,1.00,08/03/2025 07:50:15 PM
41,1.00,08/03/2025 07:40:01 PM
28,1.00,08/03/2025 07:30:48 PM
11,1.00,08/03/2025 07:20:33 PM
27,1.00,08/03/2025 07:10:15 PM
41,1.00,08/03/2025 07:01:03 PM
35,1.00,08/03/2025 06:50:15 PM
12,1.00,08/03/2025 06:40:01 PM
18,1.00,08/03/2025 06:30:48 PM
31,1.00,08/03/2025 06:20:33 PM
0,1.00,08/03/2025 06:10:15 PM
0,1.00,08/03/2025 06:01:03 PM
36,1.00,08/03/2025 05:50:15 PM
-1,1.00,08/03/2025 05:40:01 PM
35,1.00,08/03/2025 05:30:48 PM
33,1.00,08/03/2025 05:20:33 PM
16,1.00,08/03/2025 05:10:15 PM
19,1.00,08/03/2025 05:01:03 PM
40,1.00,08/03/2025 04:50:15 PM
10,1.00,08/03/2025 04:40:02 PM
41,1.00,08/03/2025 04:30:48 PM
-1,1.00,08/03/2025 04:20:34 PM
31,1.00,08/03/2025 04:10:15 PM
29,1.00,08/03/2025 04:01:03 PM
32,1.00,08/03/2025 03:50:15 PM
18,1.00,08/03/2025 03:40:01 PM
17,1.00,08/03/2025 03:30:48 PM
31,1.00,08/03/2025 03:20:34 PM
36,1.00,08/03/2025 03:10:16 PM
31,1.00,08/03/2025 03:01:03 PM
38,1.00,08/03/2025 02:50:15 PM
31,1.00,08/03/2025 02:40:01 PM
38,1.00,08/03/2025 02:30:48 PM
21,1.00,08/03/2025 02:20:34 PM
34,1.00,08/03/2025 02:10:16 PM
18,1.00,08/03/2025 02:01:03 PM
36,1.00,08/03/2025 01:50:15 PM
41,1.00,08/03/2025 01:40:01 PM
33,1.00,08/03/2025 01:30:48 PM
33,1.00,08/03/2025 01:20:33 PM
18,1.00,08/03/2025 01:10:15 PM
41,1.00,08/03/2025 01:01:03 PM
35,1.00,08/03/2025 12:50:14 PM
-1,1.00,08/03/2025 12:40:01 PM
31,1.00,08/03/2025 12:30:48 PM
36,1.00,08/03/2025 12:20:33 PM
17,1.00,08/03/2025 12:10:15 PM
16,1.00,08/03/2025 12:01:03 PM
18,1.00,08/03/2025 11:50:15 AM
23,1.00,08/03/2025 11:40:01 AM
35,1.00,08/03/2025 11:30:48 AM
19,1.00,08/03/2025 11:20:33 AM
-1,1.00,08/03/2025 11:10:15 AM
38,1.00,08/03/2025 11:01:04 AM
17,1.00,08/03/2025 10:50:15 AM
-1,1.00,08/03/2025 10:40:01 AM
29,1.00,08/03/2025 10:30:48 AM
32,1.00,08/03/2025 10:20:33 AM
22,1.00,08/03/2025 10:10:15 AM
28,1.00,08/03/2025 10:01:03 AM
34,1.00,08/03/2025 09:50:15 AM
31,1.00,08/03/2025 09:40:01 AM
21,1.00,08/03/2025 09:30:48 AM
17,1.00,08/03/2025 09:20:33 AM
-1,1.00,08/03/2025 09:10:15 AM
34,1.00,08/03/2025 09:01:03 AM
22,1.00,08/03/2025 08:50:15 AM
18,1.00,08/03/2025 08:40:01 AM
38,1.00,08/03/2025 08:30:47 AM
18,1.00,08/03/2025 08:20:32 AM
31,1.00,08/03/2025 08:10:15 AM
31,1.00,08/03/2025 08:01:03 AM
31,1.00,08/03/2025 07:50:15 AM
41,1.00,08/03/2025 07:40:00 AM
31,1.00,08/03/2025 07:30:47 AM
31,1.00,08/03/2025 07:20:33 AM
39,1.00,08/03/2025 07:10:15 AM
31,1.00,08/03/2025 07:01:03 AM
40,1.00,08/03/2025 06:50:15 AM
31,1.00,08/03/2025 06:40:00 AM
31,1.00,08/03/2025 06:30:47 AM
-1,1.00,08/03/2025 06:20:33 AM
30,1.00,08/03/2025 06:10:14 AM
-1,1.00,08/03/2025 06:01:04 AM
34,1.00,08/03/2025 05:50:15 AM
15,1.00,08/03/2025 05:40:01 AM
31,1.00,08/03/2025 05:30:48 AM
16,1.00,08/03/2025 05:20:33 AM
19,1.00,08/03/2025 05:10:14 AM
37,1.00,08/03/2025 05:01:02 AM
-1,1.00,08/03/2025 04:50:14 AM
31,1.00,08/03/2025 04:40:01 AM
18,1.00,08/03/2025 04:30:48 AM
-1,1.00,08/03/2025 04:20:33 AM
31,1.00,08/03/2025 04:10:14 AM
23,1.00,08/03/2025 04:01:02 AM
-1,1.00,08/03/2025 03:50:14 AM
-1,1.00,08/03/2025 03:40:01 AM
27,1.00,08/03/2025 03:30:48 AM
-1,1.00,08/03/2025 03:20:32 AM
31,1.00,08/03/2025 03:10:14 AM
16,1.00,08/03/2025 03:01:02 AM
-1,1.00,08/03/2025 02:50:14 AM
24,1.00,08/03/2025 02:40:01 AM
-1,1.00,08/03/2025 02:30:48 AM
33,1.00,08/03/2025 02:20:32 AM
31,1.00,08/03/2025 02:10:14 AM
18,1.00,08/03/2025 02:01:02 AM
29,1.00,08/03/2025 01:50:14 AM
-1,1.00,08/03/2025 01:40:01 AM
16,1.00,08/03/2025 01:30:48 AM
31,1.00,08/03/2025 01:20:33 AM
18,1.00,08/03/2025 01:10:14 AM
27,1.00,08/03/2025 01:01:02 AM
23,1.00,08/03/2025 12:50:14 AM
-1,1.00,08/03/2025 12:40:01 AM
41,1.00,08/03/2025 12:30:48 AM
-1,1.00,08/03/2025 12:20:33 AM
31,1.00,08/03/2025 12:10:14 AM
35,1.00,08/03/2025 12:01:02 AM
31,1.00,08/02/2025 11:50:14 PM
18,1.00,08/02/2025 11:40:01 PM
-1,1.00,08/02/2025 11:30:48 PM
33,1.00,08/02/2025 11:20:33 PM
17,1.00,08/02/2025 11:10:15 PM
32,1.00,08/02/2025 11:01:03 PM
31,1.00,08/02/2025 10:50:14 PM
41,1.00,08/02/2025 10:40:01 PM
-1,1.00,08/02/2025 10:30:48 PM
-1,1.00,08/02/2025 10:20:33 PM
40,1.00,08/02/2025 10:10:15 PM
36,1.00,08/02/2025 10:01:02 PM
31,1.00,08/02/2025 09:50:14 PM
31,1.00,08/02/2025 09:40:01 PM
26,1.00,08/02/2025 09:30:48 PM
41,1.00,08/02/2025 09:20:33 PM
31,1.00,08/02/2025 09:10:15 PM
18,1.00,08/02/2025 09:01:02 PM
41,1.00,08/02/2025 08:50:14 PM
31,1.00,08/02/2025 08:40:01 PM
15,1.00,08/02/2025 08:30:48 PM
39,1.00,08/02/2025 08:20:33 PM
14,1.00,08/02/2025 08:10:15 PM
30,1.00,08/02/2025 08:01:03 PM
21,1.00,08/02/2025 07:50:16 PM
-1,1.00,08/02/2025 07:40:01 PM
13,1.00,08/02/2025 07:30:48 PM
31,1.00,08/02/2025 07:20:33 PM
17,1.00,08/02/2025 07:10:16 PM
18,1.00,08/02/2025 07:01:04 PM
27,1.00,08/02/2025 06:50:16 PM
39,1.00,08/02/2025 06:40:01 PM
31,1.00,08/02/2025 06:30:48 PM
39,1.00,08/02/2025 06:20:33 PM
30,1.00,08/02/2025 06:10:15 PM
41,1.00,08/02/2025 06:01:04 PM
27,1.00,08/02/2025 05:50:16 PM
18,1.00,08/02/2025 05:40:01 PM
41,1.00,08/02/2025 05:30:48 PM
20,1.00,08/02/2025 05:20:33 PM
35,1.00,08/02/2025 05:10:15 PM
33,1.00,08/02/2025 05:01:04 PM
31,1.00,08/02/2025 04:50:16 PM
41,1.00,08/02/2025 04:40:01 PM
41,1.00,08/02/2025 04:30:48 PM
39,1.00,08/02/2025 04:20:34 PM
33,1.00,08/02/2025 04:10:15 PM
-1,1.00,08/02/2025 04:01:04 PM
41,1.00,08/02/2025 03:50:16 PM
41,1.00,08/02/2025 03:40:01 PM
36,1.00,08/02/2025 03:30:48 PM
13,1.00,08/02/2025 03:20:34 PM
41,1.00,08/02/2025 03:10:15 PM
-1,1.00,08/02/2025 03:01:04 PM
39,1.00,08/02/2025 02:50:16 PM
40,1.00,08/02/2025 02:40:01 PM
38,1.00,08/02/2025 02:30:48 PM
30,1.00,08/02/2025 02:20:34 PM
39,1.00,08/02/2025 02:10:15 PM
36,1.00,08/02/2025 02:01:03 PM
31,1.00,08/02/2025 01:50:15 PM
30,1.00,08/02/2025 01:40:01 PM
18,1.00,08/02/2025 01:30:48 PM
36,1.00,08/02/2025 01:20:34 PM
33,1.00,08/02/2025 01:10:15 PM
38,1.00,08/02/2025 01:01:03 PM
33,1.00,08/02/2025 12:50:15 PM
35,1.00,08/02/2025 12:40:01 PM
-1,1.00,08/02/2025 12:30:48 PM
38,1.00,08/02/2025 12:20:34 PM
-1,1.00,08/02/2025 12:10:15 PM
32,1.00,08/02/2025 12:01:03 PM
33,1.00,08/02/2025 11:50:15 AM
16,1.00,08/02/2025 11:40:02 AM
32,1.00,08/02/2025 11:30:49 AM
40,1.00,08/02/2025 11:20:33 AM
15,1.00,08/02/2025 11:10:15 AM
36,1.00,08/02/2025 11:01:03 AM
18,1.00,08/02/2025 10:50:15 AM
41,1.00,08/02/2025 10:40:01 AM
41,1.00,08/02/2025 10:30:48 AM
41,1.00,08/02/2025 10:20:33 AM
19,1.00,08/02/2025 10:10:15 AM
21,1.00,08/02/2025 10:01:03 AM
39,1.00,08/02/2025 09:50:15 AM
31,1.00,08/02/2025 09:40:01 AM
38,1.00,08/02/2025 09:30:48 AM
18,1.00,08/02/2025 09:20:33 AM
35,1.00,08/02/2025 09:10:15 AM
-1,1.00,08/02/2025 09:01:03 AM
33,1.00,08/02/2025 08:50:15 AM
39,1.00,08/02/2025 08:40:01 AM
33,1.00,08/02/2025 08:30:48 AM
35,1.00,08/02/2025 08:20:33 AM
20,1.00,08/02/2025 08:10:15 AM
31,1.00,08/02/2025 08:01:03 AM
36,1.00,08/02/2025 07:50:15 AM
-1,1.00,08/02/2025 07:40:01 AM
-1,1.00,08/02/2025 07:30:48 AM
19,1.00,08/02/2025 07:20:33 AM
-1,1.00,08/02/2025 07:10:14 AM
-1,1.00,08/02/2025 07:01:03 AM
36,1.00,08/02/2025 06:50:15 AM
-1,1.00,08/02/2025 06:40:01 AM
-1,1.00,08/02/2025 06:30:48 AM
-1,1.00,08/02/2025 06:20:33 AM
39,1.00,08/02/2025 06:10:14 AM
34,1.00,08/02/2025 06:01:02 AM
-1,1.00,08/02/2025 05:50:14 AM
31,1.00,08/02/2025 05:40:01 AM
27,1.00,08/02/2025 05:30:48 AM
33,1.00,08/02/2025 05:20:33 AM
31,1.00,08/02/2025 05:10:15 AM
30,1.00,08/02/2025 05:01:02 AM
-1,1.00,08/02/2025 04:50:14 AM
18,1.00,08/02/2025 04:40:00 AM
-1,1.00,08/02/2025 04:30:47 AM
-1,1.00,08/02/2025 04:20:32 AM
22,1.00,08/02/2025 04:10:15 AM
25,1.00,08/02/2025 04:01:02 AM
-1,1.00,08/02/2025 03:50:14 AM
31,1.00,08/02/2025 03:40:00 AM
18,1.00,08/02/2025 03:30:47 AM
-1,1.00,08/02/2025 03:20:32 AM
31,1.00,08/02/2025 03:10:15 AM
29,1.00,08/02/2025 03:01:02 AM
-1,1.00,08/02/2025 02:50:14 AM
17,1.00,08/02/2025 02:40:00 AM
-1,1.00,08/02/2025 02:30:47 AM
18,1.00,08/02/2025 02:20:32 AM
31,1.00,08/02/2025 02:10:15 AM
32,1.00,08/02/2025 02:01:03 AM
-1,1.00,08/02/2025 01:50:15 AM
16,1.00,08/02/2025 01:40:00 AM
35,1.00,08/02/2025 01:30:47 AM
-1,1.00,08/02/2025 01:20:32 AM
33,1.00,08/02/2025 01:10:14 AM
-1,1.00,08/02/2025 01:01:03 AM
18,1.00,08/02/2025 12:50:15 AM
31,1.00,08/02/2025 12:40:00 AM
17,1.00,08/02/2025 12:30:47 AM
29,1.00,08/02/2025 12:20:32 AM
-1,1.00,08/02/2025 12:10:15 AM
31,1.00,08/02/2025 12:01:05 AM
23,1.00,08/01/2025 11:50:15 PM
31,1.00,08/01/2025 11:40:01 PM
-1,1.00,08/01/2025 11:30:47 PM
27,1.00,08/01/2025 11:20:32 PM
35,1.00,08/01/2025 11:10:15 PM
31,1.00,08/01/2025 11:01:03 PM
41,1.00,08/01/2025 10:50:15 PM
21,1.00,08/01/2025 10:40:01 PM
31,1.00,08/01/2025 10:30:48 PM
17,1.00,08/01/2025 10:20:33 PM
17,1.00,08/01/2025 10:10:15 PM
16,1.00,08/01/2025 10:01:03 PM
31,1.00,08/01/2025 09:50:15 PM
18,1.00,08/01/2025 09:40:01 PM
41,1.00,08/01/2025 09:30:48 PM
14,1.00,08/01/2025 09:20:34 PM
17,1.00,08/01/2025 09:10:15 PM
34,1.00,08/01/2025 09:01:03 PM
38,1.00,08/01/2025 08:50:15 PM
31,1.00,08/01/2025 08:40:01 PM
33,1.00,08/01/2025 08:30:48 PM
38,1.00,08/01/2025 08:20:34 PM
38,1.00,08/01/2025 08:10:15 PM
40,1.00,08/01/2025 08:01:03 PM
38,1.00,08/01/2025 07:50:15 PM
29,1.00,08/01/2025 07:40:02 PM
32,1.00,08/01/2025 07:30:49 PM
18,1.00,08/01/2025 07:20:34 PM
39,1.00,08/01/2025 07:10:15 PM
31,1.00,08/01/2025 07:01:04 PM
29,1.00,08/01/2025 06:50:17 PM
35,1.00,08/01/2025 06:40:02 PM
23,1.00,08/01/2025 06:30:49 PM
34,1.00,08/01/2025 06:20:34 PM
16,1.00,08/01/2025 06:10:15 PM
30,1.00,08/01/2025 06:01:04 PM
40,1.00,08/01/2025 05:50:16 PM
18,1.00,08/01/2025 05:40:02 PM
35,1.00,08/01/2025 05:30:49 PM
34,1.00,08/01/2025 05:20:34 PM
36,1.00,08/01/2025 05:10:16 PM
-1,1.00,08/01/2025 05:01:04 PM
-1,1.00,08/01/2025 04:50:16 PM
41,1.00,08/01/2025 04:40:02 PM
31,1.00,08/01/2025 04:30:49 PM
18,1.00,08/01/2025 04:20:35 PM
38,1.00,08/01/2025 04:10:18 PM
20,1.00,08/01/2025 04:01:04 PM
35,1.00,08/01/2025 03:50:16 PM
34,1.00,08/01/2025 03:40:02 PM
33,1.00,08/01/2025 03:30:49 PM
17,1.00,08/01/2025 03:20:35 PM
17,1.00,08/01/2025 03:10:16 PM
32,1.00,08/01/2025 03:01:03 PM
12,1.00,08/01/2025 02:50:15 PM
40,1.00,08/01/2025 02:40:02 PM
34,1.00,08/01/2025 02:30:49 PM
31,1.00,08/01/2025 02:20:34 PM
40,1.00,08/01/2025 02:10:16 PM
21,1.00,08/01/2025 02:01:03 PM
14,1.00,08/01/2025 01:50:15 PM
-1,1.00,08/01/2025 01:40:01 PM
18,1.00,08/01/2025 01:30:48 PM
19,1.00,08/01/2025 01:20:33 PM
38,1.00,08/01/2025 01:10:15 PM
31,1.00,08/01/2025 01:01:04 PM
15,1.00,08/01/2025 12:50:16 PM
33,1.00,08/01/2025 12:40:01 PM
38,1.00,08/01/2025 12:30:48 PM
38,1.00,08/01/2025 12:20:33 PM
12,1.00,08/01/2025 12:10:15 PM
29,1.00,08/01/2025 12:01:04 PM
19,1.00,08/01/2025 11:50:16 AM
29,1.00,08/01/2025 11:40:01 AM
30,1.00,08/01/2025 11:30:48 AM
36,1.00,08/01/2025 11:20:34 AM
36,1.00,08/01/2025 11:10:15 AM
38,1.00,08/01/2025 11:01:04 AM
16,1.00,08/01/2025 10:50:16 AM
33,1.00,08/01/2025 10:40:01 AM
24,1.00,08/01/2025 10:30:48 AM
31,1.00,08/01/2025 10:20:34 AM
29,1.00,08/01/2025 10:10:15 AM
30,1.00,08/01/2025 10:01:04 AM
29,1.00,08/01/2025 09:50:16 AM
32,1.00,08/01/2025 09:40:01 AM
31,1.00,08/01/2025 09:30:48 AM
26,1.00,08/01/2025 09:20:35 AM
37,1.00,08/01/2025 09:10:15 AM
33,1.00,08/01/2025 09:01:04 AM
34,1.00,08/01/2025 08:50:16 AM
16,1.00,08/01/2025 08:40:02 AM
23,1.00,08/01/2025 08:30:50 AM
33,1.00,08/01/2025 08:20:34 AM
16,1.00,08/01/2025 08:10:16 AM
22,1.00,08/01/2025 08:01:04 AM
30,1.00,08/01/2025 07:50:16 AM
37,1.00,08/01/2025 07:40:02 AM
26,1.00,08/01/2025 07:30:49 AM
15,1.00,08/01/2025 07:20:34 AM
18,1.00,08/01/2025 07:10:15 AM
27,1.00,08/01/2025 07:01:04 AM
31,1.00,08/01/2025 06:50:15 AM
32,1.00,08/01/2025 06:40:02 AM
-1,1.00,08/01/2025 06:30:49 AM
37,1.00,08/01/2025 06:20:34 AM
31,1.00,08/01/2025 06:10:15 AM
35,1.00,08/01/2025 06:01:03 AM
31,1.00,08/01/2025 05:50:15 AM
26,1.00,08/01/2025 05:40:01 AM
-1,1.00,08/01/2025 05:30:48 AM
30,1.00,08/01/2025 05:20:33 AM
-1,1.00,08/01/2025 05:10:14 AM
16,1.00,08/01/2025 05:01:03 AM
27,1.00,08/01/2025 04:50:14 AM
-1,1.00,08/01/2025 04:40:01 AM
31,1.00,08/01/2025 04:30:48 AM
-1,1.00,08/01/2025 04:20:33 AM
31,1.00,08/01/2025 04:10:15 AM
30,1.00,08/01/2025 04:01:02 AM
-1,1.00,08/01/2025 03:50:14 AM
31,1.00,08/01/2025 03:40:01 AM
22,1.00,08/01/2025 03:30:47 AM
-1,1.00,08/01/2025 03:20:32 AM
31,1.00,08/01/2025 03:10:15 AM
32,1.00,08/01/2025 03:01:02 AM
-1,1.00,08/01/2025 02:50:14 AM
17,1.00,08/01/2025 02:40:00 AM
-1,1.00,08/01/2025 02:30:47 AM
29,1.00,08/01/2025 02:20:32 AM
31,1.00,08/01/2025 02:10:15 AM
18,1.00,08/01/2025 02:01:02 AM
-1,1.00,08/01/2025 01:50:14 AM
31,1.00,08/01/2025 01:40:01 AM
32,1.00,08/01/2025 01:30:48 AM
-1,1.00,08/01/2025 01:20:32 AM
41,1.00,08/01/2025 01:10:15 AM
-1,1.00,08/01/2025 01:01:02 AM
17,1.00,08/01/2025 12:50:14 AM
16,1.00,08/01/2025 12:40:01 AM
-1,1.00,08/01/2025 12:30:48 AM
-1,1.00,08/01/2025 12:20:32 AM
35,1.00,08/01/2025 12:10:15 AM
16,1.00,08/01/2025 12:01:03 AM
29,1.00,07/31/2025 11:50:14 PM
40,1.00,07/31/2025 11:40:01 PM
41,1.00,07/31/2025 11:30:48 PM
28,1.00,07/31/2025 11:20:32 PM
19,1.00,07/31/2025 11:10:15 PM
35,1.00,07/31/2025 11:01:03 PM
31,1.00,07/31/2025 10:50:15 PM
-1,1.00,07/31/2025 10:40:01 PM
35,1.00,07/31/2025 10:30:48 PM
-1,1.00,07/31/2025 10:20:33 PM
28,1.00,07/31/2025 10:10:15 PM
39,1.00,07/31/2025 10:01:03 PM
16,1.00,07/31/2025 09:50:15 PM
31,1.00,07/31/2025 09:40:01 PM
31,1.00,07/31/2025 09:30:48 PM
30,1.00,07/31/2025 09:20:33 PM
30,1.00,07/31/2025 09:10:15 PM
41,1.00,07/31/2025 09:01:03 PM
29,1.00,07/31/2025 08:50:16 PM
32,1.00,07/31/2025 08:40:01 PM
17,1.00,07/31/2025 08:30:48 PM
32,1.00,07/31/2025 08:20:34 PM
29,1.00,07/31/2025 08:10:15 PM
31,1.00,07/31/2025 08:01:03 PM
16,1.00,07/31/2025 07:50:16 PM
20,1.00,07/31/2025 07:40:01 PM
35,1.00,07/31/2025 07:30:48 PM
20,1.00,07/31/2025 07:20:35 PM
38,1.00,07/31/2025 07:10:15 PM
36,1.00,07/31/2025 07:01:04 PM
36,1.00,07/31/2025 06:50:16 PM
13,1.00,07/31/2025 06:40:02 PM
35,1.00,07/31/2025 06:30:48 PM
39,1.00,07/31/2025 06:20:34 PM
34,1.00,07/31/2025 06:10:15 PM
29,1.00,07/31/2025 06:01:04 PM
32,1.00,07/31/2025 05:50:16 PM
40,1.00,07/31/2025 05:40:01 PM
16,1.00,07/31/2025 05:30:48 PM
31,1.00,07/31/2025 05:20:37 PM
18,1.00,07/31/2025 05:10:16 PM
35,1.00,07/31/2025 05:01:04 PM
18,1.00,07/31/2025 04:50:16 PM
35,1.00,07/31/2025 04:40:01 PM
35,1.00,07/31/2025 04:30:48 PM
33,1.00,07/31/2025 04:20:35 PM
34,1.00,07/31/2025 04:10:15 PM
35,1.00,07/31/2025 04:01:04 PM
19,1.00,07/31/2025 03:50:16 PM
35,1.00,07/31/2025 03:40:01 PM
41,1.00,07/31/2025 03:30:48 PM
33,1.00,07/31/2025 03:20:34 PM
35,1.00,07/31/2025 03:10:15 PM
31,1.00,07/31/2025 03:01:04 PM
32,1.00,07/31/2025 02:50:16 PM
32,1.00,07/31/2025 02:40:01 PM
31,1.00,07/31/2025 02:30:48 PM
29,1.00,07/31/2025 02:20:34 PM
38,1.00,07/31/2025 02:10:16 PM
-1,1.00,07/31/2025 02:01:03 PM
30,1.00,07/31/2025 01:50:15 PM
31,1.00,07/31/2025 01:40:02 PM
34,1.00,07/31/2025 01:30:49 PM
31,1.00,07/31/2025 01:20:34 PM
38,1.00,07/31/2025 01:10:16 PM
18,1.00,07/31/2025 01:01:03 PM
33,1.00,07/31/2025 12:50:15 PM
16,1.00,07/31/2025 12:40:02 PM
31,1.00,07/31/2025 12:30:49 PM
16,1.00,07/31/2025 12:20:34 PM
18,1.00,07/31/2025 12:10:16 PM
38,1.00,07/31/2025 12:01:03 PM
30,1.00,07/31/2025 11:50:15 AM
41,1.00,07/31/2025 11:40:02 AM
32,1.00,07/31/2025 11:30:48 AM
20,1.00,07/31/2025 11:20:33 AM
11,1.00,07/31/2025 11:10:16 AM
30,1.00,07/31/2025 11:01:03 AM
39,1.00,07/31/2025 10:50:15 AM
34,1.00,07/31/2025 10:40:02 AM
41,1.00,07/31/2025 10:30:48 AM
31,1.00,07/31/2025 10:20:34 AM
26,1.00,07/31/2025 10:10:16 AM
30,1.00,07/31/2025 10:01:03 AM
31,1.00,07/31/2025 09:50:15 AM
23,1.00,07/31/2025 09:40:02 AM
33,1.00,07/31/2025 09:30:49 AM
13,1.00,07/31/2025 09:20:34 AM
32,1.00,07/31/2025 09:10:16 AM
17,1.00,07/31/2025 09:01:03 AM
27,1.00,07/31/2025 08:50:15 AM
19,1.00,07/31/2025 08:40:02 AM
35,1.00,07/31/2025 08:30:49 AM
32,1.00,07/31/2025 08:20:34 AM
32,1.00,07/31/2025 08:10:16 AM
31,1.00,07/31/2025 08:01:03 AM
31,1.00,07/31/2025 07:50:15 AM
23,1.00,07/31/2025 07:40:02 AM
34,1.00,07/31/2025 07:30:49 AM
35,1.00,07/31/2025 07:20:34 AM
27,1.00,07/31/2025 07:10:16 AM
31,1.00,07/31/2025 07:01:04 AM
29,1.00,07/31/2025 06:50:15 AM
18,1.00,07/31/2025 06:40:02 AM
30,1.00,07/31/2025 06:30:48 AM
26,1.00,07/31/2025 06:20:33 AM
31,1.00,07/31/2025 06:10:15 AM
35,1.00,07/31/2025 06:01:03 AM
17,1.00,07/31/2025 05:50:15 AM
29,1.00,07/31/2025 05:40:01 AM
-1,1.00,07/31/2025 05:30:48 AM
29,1.00,07/31/2025 05:20:33 AM
31,1.00,07/31/2025 05:10:15 AM
18,1.00,07/31/2025 05:01:03 AM
18,1.00,07/31/2025 04:50:14 AM
31,1.00,07/31/2025 04:40:01 AM
24,1.00,07/31/2025 04:30:47 AM
-1,1.00,07/31/2025 04:20:32 AM
-1,1.00,07/31/2025 04:10:14 AM
29,1.00,07/31/2025 04:01:02 AM
-1,1.00,07/31/2025 03:50:15 AM
31,1.00,07/31/2025 03:40:00 AM
23,1.00,07/31/2025 03:30:48 AM
-1,1.00,07/31/2025 03:20:32 AM
-1,1.00,07/31/2025 03:10:14 AM
27,1.00,07/31/2025 03:01:02 AM
-1,1.00,07/31/2025 02:50:15 AM
18,1.00,07/31/2025 02:40:00 AM
-1,1.00,07/31/2025 02:30:48 AM
37,1.00,07/31/2025 02:20:33 AM
31,1.00,07/31/2025 02:10:14 AM
28,1.00,07/31/2025 02:01:02 AM
-1,1.00,07/31/2025 01:50:15 AM
31,1.00,07/31/2025 01:40:00 AM
28,1.00,07/31/2025 01:30:48 AM
-1,1.00,07/31/2025 01:20:33 AM
33,1.00,07/31/2025 01:10:14 AM
-1,1.00,07/31/2025 01:01:02 AM
35,1.00,07/31/2025 12:50:15 AM
31,1.00,07/31/2025 12:40:00 AM
-1,1.00,07/31/2025 12:30:48 AM
27,1.00,07/31/2025 12:20:33 AM
18,1.00,07/31/2025 12:10:14 AM
31,1.00,07/31/2025 12:01:03 AM
16,1.00,07/30/2025 11:50:15 PM
35,1.00,07/30/2025 11:40:01 PM
-1,1.00,07/30/2025 11:30:48 PM
38,1.00,07/30/2025 11:20:33 PM
-1,1.00,07/30/2025 11:10:15 PM
31,1.00,07/30/2025 11:01:02 PM
31,1.00,07/30/2025 10:50:15 PM
35,1.00,07/30/2025 10:40:01 PM
23,1.00,07/30/2025 10:30:48 PM
31,1.00,07/30/2025 10:20:34 PM
13,1.00,07/30/2025 10:10:15 PM
31,1.00,07/30/2025 10:01:03 PM
-1,1.00,07/30/2025 09:50:15 PM
25,1.00,07/30/2025 09:40:01 PM
22,1.00,07/30/2025 09:30:48 PM
-1,1.00,07/30/2025 09:20:33 PM
28,1.00,07/30/2025 09:10:15 PM
32,1.00,07/30/2025 09:01:04 PM
14,1.00,07/30/2025 08:50:15 PM
31,1.00,07/30/2025 08:40:01 PM
20,1.00,07/30/2025 08:30:48 PM
33,1.00,07/30/2025 08:20:33 PM
32,1.00,07/30/2025 08:10:15 PM
41,1.00,07/30/2025 08:01:04 PM
35,1.00,07/30/2025 07:50:15 PM
-1,1.00,07/30/2025 07:40:02 PM
33,1.00,07/30/2025 07:30:48 PM
12,1.00,07/30/2025 07:20:33 PM
17,1.00,07/30/2025 07:10:16 PM
18,1.00,07/30/2025 07:01:04 PM
16,1.00,07/30/2025 06:50:15 PM
30,1.00,07/30/2025 06:40:02 PM
13,1.00,07/30/2025 06:30:48 PM
36,1.00,07/30/2025 06:20:34 PM
31,1.00,07/30/2025 06:10:16 PM
31,1.00,07/30/2025 06:01:04 PM
19,1.00,07/30/2025 05:50:15 PM
26,1.00,07/30/2025 05:40:02 PM
40,1.00,07/30/2025 05:30:49 PM
15,1.00,07/30/2025 05:20:34 PM
18,1.00,07/30/2025 05:10:16 PM
38,1.00,07/30/2025 05:01:04 PM
29,1.00,07/30/2025 04:50:15 PM
25,1.00,07/30/2025 04:40:03 PM
39,1.00,07/30/2025 04:30:48 PM
30,1.00,07/30/2025 04:20:34 PM
-1,1.00,07/30/2025 04:10:16 PM
16,1.00,07/30/2025 04:01:04 PM
32,1.00,07/30/2025 03:50:16 PM
29,1.00,07/30/2025 03:40:02 PM
31,1.00,07/30/2025 03:30:48 PM
29,1.00,07/30/2025 03:20:33 PM
27,1.00,07/30/2025 03:10:16 PM
31,1.00,07/30/2025 03:01:04 PM
15,1.00,07/30/2025 02:50:16 PM
22,1.00,07/30/2025 02:40:02 PM
36,1.00,07/30/2025 02:30:48 PM
37,1.00,07/30/2025 02:20:33 PM
32,1.00,07/30/2025 02:10:15 PM
16,1.00,07/30/2025 02:01:04 PM
26,1.00,07/30/2025 01:50:16 PM
-1,1.00,07/30/2025 01:40:01 PM
32,1.00,07/30/2025 01:30:48 PM
18,1.00,07/30/2025 01:20:33 PM
34,1.00,07/30/2025 01:10:15 PM
35,1.00,07/30/2025 01:01:03 PM
33,1.00,07/30/2025 12:50:16 PM
-1,1.00,07/30/2025 12:40:01 PM
33,1.00,07/30/2025 12:30:48 PM
36,1.00,07/30/2025 12:20:33 PM
33,1.00,07/30/2025 12:10:15 PM
14,1.00,07/30/2025 12:01:03 PM
21,1.00,07/30/2025 11:50:16 AM
31,1.00,07/30/2025 11:40:01 AM
20,1.00,07/30/2025 11:30:49 AM
31,1.00,07/30/2025 11:20:34 AM
32,1.00,07/30/2025 11:10:15 AM
40,1.00,07/30/2025 11:01:03 AM
31,1.00,07/30/2025 10:50:16 AM
16,1.00,07/30/2025 10:40:01 AM
33,1.00,07/30/2025 10:30:49 AM
18,1.00,07/30/2025 10:20:34 AM
41,1.00,07/30/2025 10:10:15 AM
17,1.00,07/30/2025 10:01:03 AM
35,1.00,07/30/2025 09:50:16 AM
20,1.00,07/30/2025 09:40:01 AM
39,1.00,07/30/2025 09:30:49 AM
35,1.00,07/30/2025 09:20:34 AM
34,1.00,07/30/2025 09:10:15 AM
16,1.00,07/30/2025 09:01:04 AM
27,1.00,07/30/2025 08:50:17 AM
11,1.00,07/30/2025 08:40:02 AM
32,1.00,07/30/2025 08:30:49 AM
33,1.00,07/30/2025 08:20:34 AM
29,1.00,07/30/2025 08:10:16 AM
31,1.00,07/30/2025 08:01:04 AM
27,1.00,07/30/2025 07:50:16 AM
32,1.00,07/30/2025 07:40:01 AM
30,1.00,07/30/2025 07:30:49 AM
32,1.00,07/30/2025 07:20:35 AM
29,1.00,07/30/2025 07:10:15 AM
31,1.00,07/30/2025 07:01:03 AM
32,1.00,07/30/2025 06:50:15 AM
16,1.00,07/30/2025 06:40:01 AM
31,1.00,07/30/2025 06:30:48 AM
14,1.00,07/30/2025 06:20:34 AM
-1,1.00,07/30/2025 06:10:15 AM
34,1.00,07/30/2025 06:01:03 AM
18,1.00,07/30/2025 05:50:15 AM
-1,1.00,07/30/2025 05:40:00 AM
-1,1.00,07/30/2025 05:30:48 AM
24,1.00,07/30/2025 05:20:33 AM
-1,1.00,07/30/2025 05:10:15 AM
17,1.00,07/30/2025 05:01:02 AM
29,1.00,07/30/2025 04:50:14 AM
16,1.00,07/30/2025 04:40:01 AM
24,1.00,07/30/2025 04:30:48 AM
-1,1.00,07/30/2025 04:20:33 AM
-1,1.00,07/30/2025 04:10:15 AM
31,1.00,07/30/2025 04:01:02 AM
-1,1.00,07/30/2025 03:50:14 AM
31,1.00,07/30/2025 03:40:01 AM
28,1.00,07/30/2025 03:30:47 AM
-1,1.00,07/30/2025 03:20:32 AM
-1,1.00,07/30/2025 03:10:15 AM
19,1.00,07/30/2025 03:01:02 AM
-1,1.00,07/30/2025 02:50:14 AM
25,1.00,07/30/2025 02:40:01 AM
-1,1.00,07/30/2025 02:30:47 AM
18,1.00,07/30/2025 02:20:32 AM
35,1.00,07/30/2025 02:10:15 AM
31,1.00,07/30/2025 02:01:03 AM
-1,1.00,07/30/2025 01:50:14 AM
-1,1.00,07/30/2025 01:40:01 AM
-1,1.00,07/30/2025 01:30:47 AM
29,1.00,07/30/2025 01:20:32 AM
-1,1.00,07/30/2025 01:10:15 AM
-1,1.00,07/30/2025 01:01:03 AM
21,1.00,07/30/2025 12:50:14 AM
-1,1.00,07/30/2025 12:40:01 AM
39,1.00,07/30/2025 12:30:47 AM
-1,1.00,07/30/2025 12:20:32 AM
20,1.00,07/30/2025 12:10:15 AM
-1,1.00,07/30/2025 12:01:03 AM
30,1.00,07/29/2025 11:50:15 PM
41,1.00,07/29/2025 11:40:01 PM
-1,1.00,07/29/2025 11:30:47 PM
41,1.00,07/29/2025 11:20:33 PM
-1,1.00,07/29/2025 11:10:15 PM
16,1.00,07/29/2025 11:01:03 PM
-1,1.00,07/29/2025 10:50:15 PM
41,1.00,07/29/2025 10:40:01 PM
37,1.00,07/29/2025 10:30:49 PM
33,1.00,07/29/2025 10:20:34 PM
31,1.00,07/29/2025 10:10:15 PM
37,1.00,07/29/2025 10:01:03 PM
38,1.00,07/29/2025 09:50:15 PM
16,1.00,07/29/2025 09:40:01 PM
16,1.00,07/29/2025 09:30:48 PM
16,1.00,07/29/2025 09:20:34 PM
29,1.00,07/29/2025 09:10:15 PM
39,1.00,07/29/2025 09:01:03 PM
25,1.00,07/29/2025 08:50:15 PM
35,1.00,07/29/2025 08:40:01 PM
12,1.00,07/29/2025 08:30:48 PM
35,1.00,07/29/2025 08:20:33 PM
37,1.00,07/29/2025 08:10:16 PM
34,1.00,07/29/2025 08:01:03 PM
37,1.00,07/29/2025 07:50:15 PM
41,1.00,07/29/2025 07:40:01 PM
39,1.00,07/29/2025 07:30:49 PM
32,1.00,07/29/2025 07:20:34 PM
38,1.00,07/29/2025 07:10:16 PM
32,1.00,07/29/2025 07:01:04 PM
29,1.00,07/29/2025 06:50:15 PM
38,1.00,07/29/2025 06:40:01 PM
18,1.00,07/29/2025 06:30:49 PM
36,1.00,07/29/2025 06:20:34 PM
-1,1.00,07/29/2025 06:10:16 PM
31,1.00,07/29/2025 06:01:03 PM
41,1.00,07/29/2025 05:50:16 PM
35,1.00,07/29/2025 05:40:02 PM
29,1.00,07/29/2025 05:30:49 PM
35,1.00,07/29/2025 05:20:35 PM
33,1.00,07/29/2025 05:10:16 PM
-1,1.00,07/29/2025 05:01:03 PM
34,1.00,07/29/2025 04:50:15 PM
34,1.00,07/29/2025 04:40:02 PM
33,1.00,07/29/2025 04:30:49 PM
37,1.00,07/29/2025 04:20:34 PM
41,1.00,07/29/2025 04:10:16 PM
40,1.00,07/29/2025 04:01:03 PM
19,1.00,07/29/2025 03:50:15 PM
31,1.00,07/29/2025 03:40:02 PM
26,1.00,07/29/2025 03:30:49 PM
34,1.00,07/29/2025 03:20:34 PM
12,1.00,07/29/2025 03:10:16 PM
18,1.00,07/29/2025 03:01:03 PM
34,1.00,07/29/2025 02:50:15 PM
15,1.00,07/29/2025 02:40:02 PM
20,1.00,07/29/2025 02:30:48 PM
41,1.00,07/29/2025 02:20:34 PM
17,1.00,07/29/2025 02:10:16 PM
18,1.00,07/29/2025 02:01:04 PM
34,1.00,07/29/2025 01:50:16 PM
-1,1.00,07/29/2025 01:40:02 PM
38,1.00,07/29/2025 01:30:48 PM
-1,1.00,07/29/2025 01:20:33 PM
39,1.00,07/29/2025 01:10:15 PM
18,1.00,07/29/2025 01:01:04 PM
33,1.00,07/29/2025 12:50:16 PM
29,1.00,07/29/2025 12:40:02 PM
16,1.00,07/29/2025 12:30:48 PM
33,1.00,07/29/2025 12:20:34 PM
33,1.00,07/29/2025 12:10:15 PM
31,1.00,07/29/2025 12:01:04 PM
35,1.00,07/29/2025 11:50:16 AM
38,1.00,07/29/2025 11:40:01 AM
35,1.00,07/29/2025 11:30:48 AM
18,1.00,07/29/2025 11:20:33 AM
41,1.00,07/29/2025 11:10:15 AM
40,1.00,07/29/2025 11:01:04 AM
35,1.00,07/29/2025 10:50:16 AM
35,1.00,07/29/2025 10:40:02 AM
31,1.00,07/29/2025 10:30:48 AM
34,1.00,07/29/2025 10:20:33 AM
35,1.00,07/29/2025 10:10:15 AM
25,1.00,07/29/2025 10:01:04 AM
29,1.00,07/29/2025 09:50:16 AM
31,1.00,07/29/2025 09:40:02 AM
20,1.00,07/29/2025 09:30:48 AM
32,1.00,07/29/2025 09:20:33 AM
37,1.00,07/29/2025 09:10:15 AM
38,1.00,07/29/2025 09:01:04 AM
29,1.00,07/29/2025 08:50:16 AM
38,1.00,07/29/2025 08:40:02 AM
31,1.00,07/29/2025 08:30:48 AM
38,1.00,07/29/2025 08:20:35 AM
15,1.00,07/29/2025 08:10:15 AM
15,1.00,07/29/2025 08:01:04 AM
31,1.00,07/29/2025 07:50:16 AM
32,1.00,07/29/2025 07:40:02 AM
29,1.00,07/29/2025 07:30:48 AM
25,1.00,07/29/2025 07:20:34 AM
28,1.00,07/29/2025 07:10:15 AM
16,1.00,07/29/2025 07:01:04 AM
31,1.00,07/29/2025 06:50:16 AM
14,1.00,07/29/2025 06:40:01 AM
31,1.00,07/29/2025 06:30:48 AM
16,1.00,07/29/2025 06:20:33 AM
-1,1.00,07/29/2025 06:10:15 AM
16,1.00,07/29/2025 06:01:03 AM
17,1.00,07/29/2025 05:50:15 AM
34,1.00,07/29/2025 05:40:01 AM
31,1.00,07/29/2025 05:30:48 AM
27,1.00,07/29/2025 05:20:33 AM
-1,1.00,07/29/2025 05:10:15 AM
16,1.00,07/29/2025 05:01:02 AM
25,1.00,07/29/2025 04:50:15 AM
-1,1.00,07/29/2025 04:40:00 AM
23,1.00,07/29/2025 04:30:48 AM
-1,1.00,07/29/2025 04:20:33 AM
-1,1.00,07/29/2025 04:10:15 AM
37,1.00,07/29/2025 04:01:02 AM
-1,1.00,07/29/2025 03:50:14 AM
-1,1.00,07/29/2025 03:40:00 AM
18,1.00,07/29/2025 03:30:48 AM
33,1.00,07/29/2025 03:20:33 AM
-1,1.00,07/29/2025 03:10:15 AM
28,1.00,07/29/2025 03:01:02 AM
-1,1.00,07/29/2025 02:50:14 AM
16,1.00,07/29/2025 02:40:00 AM
23,1.00,07/29/2025 02:30:47 AM
31,1.00,07/29/2025 02:20:33 AM
29,1.00,07/29/2025 02:10:15 AM
18,1.00,07/29/2025 02:01:02 AM
-1,1.00,07/29/2025 01:50:14 AM
-1,1.00,07/29/2025 01:40:00 AM
26,1.00,07/29/2025 01:30:48 AM
-1,1.00,07/29/2025 01:20:33 AM
22,1.00,07/29/2025 01:10:15 AM
-1,1.00,07/29/2025 01:01:02 AM
33,1.00,07/29/2025 12:50:14 AM
-1,1.00,07/29/2025 12:40:00 AM
-1,1.00,07/29/2025 12:30:48 AM
31,1.00,07/29/2025 12:20:33 AM
29,1.00,07/29/2025 12:10:15 AM
17,1.00,07/29/2025 12:01:04 AM
-1,1.00,07/28/2025 11:50:14 PM
20,1.00,07/28/2025 11:40:00 PM
39,1.00,07/28/2025 11:30:48 PM
16,1.00,07/28/2025 11:20:33 PM
20,1.00,07/28/2025 11:10:15 PM
41,1.00,07/28/2025 11:01:03 PM
-1,1.00,07/28/2025 10:50:15 PM
31,1.00,07/28/2025 10:40:01 PM
18,1.00,07/28/2025 10:30:48 PM
-1,1.00,07/28/2025 10:20:33 PM
41,1.00,07/28/2025 10:10:15 PM
-1,1.00,07/28/2025 10:01:04 PM
-1,1.00,07/28/2025 09:50:15 PM
-1,1.00,07/28/2025 09:40:01 PM
31,1.00,07/28/2025 09:30:48 PM
-1,1.00,07/28/2025 09:20:33 PM
41,1.00,07/28/2025 09:10:15 PM
-1,1.00,07/28/2025 09:01:03 PM
-1,1.00,07/28/2025 08:50:15 PM
33,1.00,07/28/2025 08:40:01 PM
34,1.00,07/28/2025 08:30:48 PM
24,1.00,07/28/2025 08:20:33 PM
31,1.00,07/28/2025 08:10:15 PM
33,1.00,07/28/2025 08:01:04 PM
35,1.00,07/28/2025 07:50:16 PM
31,1.00,07/28/2025 07:40:02 PM
39,1.00,07/28/2025 07:30:48 PM
32,1.00,07/28/2025 07:20:33 PM
41,1.00,07/28/2025 07:10:15 PM
41,1.00,07/28/2025 07:01:04 PM
28,1.00,07/28/2025 06:50:16 PM
31,1.00,07/28/2025 06:40:02 PM
40,1.00,07/28/2025 06:30:48 PM
26,1.00,07/28/2025 06:20:34 PM
37,1.00,07/28/2025 06:10:16 PM
35,1.00,07/28/2025 06:01:04 PM
37,1.00,07/28/2025 05:50:16 PM
35,1.00,07/28/2025 05:40:02 PM
35,1.00,07/28/2025 05:30:48 PM
20,1.00,07/28/2025 05:20:34 PM
32,1.00,07/28/2025 05:10:16 PM
41,1.00,07/28/2025 05:01:06 PM
31,1.00,07/28/2025 04:50:16 PM
32,1.00,07/28/2025 04:40:02 PM
29,1.00,07/28/2025 04:30:49 PM
33,1.00,07/28/2025 04:20:34 PM
31,1.00,07/28/2025 04:10:15 PM
27,1.00,07/28/2025 04:01:04 PM
34,1.00,07/28/2025 03:50:16 PM
29,1.00,07/28/2025 03:40:02 PM
-1,1.00,07/28/2025 03:30:48 PM
27,1.00,07/28/2025 03:20:36 PM
31,1.00,07/28/2025 03:10:15 PM
41,1.00,07/28/2025 03:01:04 PM
30,1.00,07/28/2025 02:50:16 PM
-1,1.00,07/28/2025 02:40:02 PM
35,1.00,07/28/2025 02:30:48 PM
16,1.00,07/28/2025 02:20:33 PM
18,1.00,07/28/2025 02:10:15 PM
25,1.00,07/28/2025 02:01:03 PM
33,1.00,07/28/2025 01:50:16 PM
31,1.00,07/28/2025 01:40:01 PM
15,1.00,07/28/2025 01:30:48 PM
35,1.00,07/28/2025 01:20:33 PM
32,1.00,07/28/2025 01:10:15 PM
38,1.00,07/28/2025 01:01:03 PM
31,1.00,07/28/2025 12:50:15 PM
33,1.00,07/28/2025 12:40:01 PM
33,1.00,07/28/2025 12:30:49 PM
16,1.00,07/28/2025 12:20:34 PM
17,1.00,07/28/2025 12:10:16 PM
29,1.00,07/28/2025 12:01:03 PM
20,1.00,07/28/2025 11:50:15 AM
25,1.00,07/28/2025 11:40:01 AM
18,1.00,07/28/2025 11:30:49 AM
-1,1.00,07/28/2025 11:20:34 AM
32,1.00,07/28/2025 11:10:16 AM
41,1.00,07/28/2025 11:01:03 AM
34,1.00,07/28/2025 10:50:15 AM
41,1.00,07/28/2025 10:40:01 AM
37,1.00,07/28/2025 10:30:49 AM
39,1.00,07/28/2025 10:20:34 AM
18,1.00,07/28/2025 10:10:16 AM
36,1.00,07/28/2025 10:01:04 AM
31,1.00,07/28/2025 09:50:16 AM
28,1.00,07/28/2025 09:40:01 AM
36,1.00,07/28/2025 09:30:49 AM
27,1.00,07/28/2025 09:20:34 AM
33,1.00,07/28/2025 09:10:16 AM
30,1.00,07/28/2025 09:01:03 AM
32,1.00,07/28/2025 08:50:15 AM
24,1.00,07/28/2025 08:40:02 AM
36,1.00,07/28/2025 08:30:49 AM
36,1.00,07/28/2025 08:20:34 AM
14,1.00,07/28/2025 08:10:16 AM
34,1.00,07/28/2025 08:01:04 AM
34,1.00,07/28/2025 07:50:15 AM
25,1.00,07/28/2025 07:40:02 AM
29,1.00,07/28/2025 07:30:49 AM
40,1.00,07/28/2025 07:20:34 AM
18,1.00,07/28/2025 07:10:16 AM
29,1.00,07/28/2025 07:01:04 AM
34,1.00,07/28/2025 06:50:17 AM
-1,1.00,07/28/2025 06:40:02 AM
-1,1.00,07/28/2025 06:30:48 AM
31,1.00,07/28/2025 06:20:34 AM
-1,1.00,07/28/2025 06:10:15 AM
41,1.00,07/28/2025 06:01:03 AM
-1,1.00,07/28/2025 05:50:16 AM
34,1.00,07/28/2025 05:40:01 AM
-1,1.00,07/28/2025 05:30:48 AM
20,1.00,07/28/2025 05:20:33 AM
-1,1.00,07/28/2025 05:10:15 AM
17,1.00,07/28/2025 05:01:03 AM
-1,1.00,07/28/2025 04:50:15 AM
14,1.00,07/28/2025 04:40:01 AM
27,1.00,07/28/2025 04:30:47 AM
-1,1.00,07/28/2025 04:20:32 AM
-1,1.00,07/28/2025 04:10:14 AM
14,1.00,07/28/2025 04:01:02 AM
26,1.00,07/28/2025 03:50:15 AM
16,1.00,07/28/2025 03:40:00 AM
28,1.00,07/28/2025 03:30:47 AM
-1,1.00,07/28/2025 03:20:32 AM
-1,1.00,07/28/2025 03:10:14 AM
31,1.00,07/28/2025 03:01:02 AM
-1,1.00,07/28/2025 02:50:14 AM
-1,1.00,07/28/2025 02:40:00 AM
33,1.00,07/28/2025 02:30:48 AM
31,1.00,07/28/2025 02:20:32 AM
-1,1.00,07/28/2025 02:10:15 AM
18,1.00,07/28/2025 02:01:02 AM
-1,1.00,07/28/2025 01:50:14 AM
29,1.00,07/28/2025 01:40:00 AM
-1,1.00,07/28/2025 01:30:48 AM
32,1.00,07/28/2025 01:20:33 AM
19,1.00,07/28/2025 01:10:15 AM
29,1.00,07/28/2025 01:01:02 AM
-1,1.00,07/28/2025 12:50:14 AM
16,1.00,07/28/2025 12:40:00 AM
36,1.00,07/28/2025 12:30:48 AM
18,1.00,07/28/2025 12:20:33 AM
-1,1.00,07/28/2025 12:10:15 AM
16,1.00,07/28/2025 12:01:02 AM
-1,1.00,07/27/2025 11:50:14 PM
39,1.00,07/27/2025 11:40:00 PM
16,1.00,07/27/2025 11:30:48 PM
-1,1.00,07/27/2025 11:20:33 PM
16,1.00,07/27/2025 11:10:15 PM
31,1.00,07/27/2025 11:01:02 PM
38,1.00,07/27/2025 10:50:14 PM
-1,1.00,07/27/2025 10:40:00 PM
-1,1.00,07/27/2025 10:30:48 PM
37,1.00,07/27/2025 10:20:33 PM
29,1.00,07/27/2025 10:10:15 PM
-1,1.00,07/27/2025 10:01:02 PM
35,1.00,07/27/2025 09:50:15 PM
30,1.00,07/27/2025 09:40:00 PM
-1,1.00,07/27/2025 09:30:48 PM
16,1.00,07/27/2025 09:20:33 PM
34,1.00,07/27/2025 09:10:15 PM
-1,1.00,07/27/2025 09:01:02 PM
-1,1.00,07/27/2025 08:50:15 PM
31,1.00,07/27/2025 08:40:00 PM
-1,1.00,07/27/2025 08:30:48 PM
37,1.00,07/27/2025 08:20:34 PM
38,1.00,07/27/2025 08:10:15 PM
-1,1.00,07/27/2025 08:01:03 PM
40,1.00,07/27/2025 07:50:15 PM
-1,1.00,07/27/2025 07:40:01 PM
16,1.00,07/27/2025 07:30:48 PM
30,1.00,07/27/2025 07:20:34 PM
-1,1.00,07/27/2025 07:10:15 PM
19,1.00,07/27/2025 07:01:03 PM
31,1.00,07/27/2025 06:50:15 PM
-1,1.00,07/27/2025 06:40:01 PM
35,1.00,07/27/2025 06:30:48 PM
-1,1.00,07/27/2025 06:20:33 PM
-1,1.00,07/27/2025 06:10:15 PM
31,1.00,07/27/2025 06:01:03 PM
-1,1.00,07/27/2025 05:50:15 PM
35,1.00,07/27/2025 05:40:01 PM
16,1.00,07/27/2025 05:30:48 PM
31,1.00,07/27/2025 05:20:34 PM
-1,1.00,07/27/2025 05:10:15 PM
18,1.00,07/27/2025 05:01:03 PM
-1,1.00,07/27/2025 04:50:16 PM
-1,1.00,07/27/2025 04:40:02 PM
31,1.00,07/27/2025 04:30:48 PM
33,1.00,07/27/2025 04:20:33 PM
-1,1.00,07/27/2025 04:10:15 PM
33,1.00,07/27/2025 04:01:03 PM
35,1.00,07/27/2025 03:50:16 PM
35,1.00,07/27/2025 03:40:01 PM
36,1.00,07/27/2025 03:30:48 PM
31,1.00,07/27/2025 03:20:34 PM
38,1.00,07/27/2025 03:10:15 PM
35,1.00,07/27/2025 03:01:03 PM
28,1.00,07/27/2025 02:50:15 PM
-1,1.00,07/27/2025 02:40:01 PM
37,1.00,07/27/2025 02:30:48 PM
-1,1.00,07/27/2025 02:20:33 PM
-1,1.00,07/27/2025 02:10:15 PM
29,1.00,07/27/2025 02:01:03 PM
17,1.00,07/27/2025 01:50:15 PM
27,1.00,07/27/2025 01:40:01 PM
38,1.00,07/27/2025 01:30:48 PM
40,1.00,07/27/2025 01:20:33 PM
36,1.00,07/27/2025 01:10:15 PM
-1,1.00,07/27/2025 01:01:03 PM
39,1.00,07/27/2025 12:50:15 PM
40,1.00,07/27/2025 12:40:01 PM
17,1.00,07/27/2025 12:30:48 PM
35,1.00,07/27/2025 12:20:33 PM
17,1.00,07/27/2025 12:10:15 PM
41,1.00,07/27/2025 12:01:03 PM
21,1.00,07/27/2025 11:50:15 AM
31,1.00,07/27/2025 11:40:01 AM
38,1.00,07/27/2025 11:30:48 AM
39,1.00,07/27/2025 11:20:33 AM
16,1.00,07/27/2025 11:10:15 AM
-1,1.00,07/27/2025 11:01:03 AM
36,1.00,07/27/2025 10:50:15 AM
31,1.00,07/27/2025 10:40:01 AM
-1,1.00,07/27/2025 10:30:48 AM
37,1.00,07/27/2025 10:20:33 AM
31,1.00,07/27/2025 10:10:15 AM
17,1.00,07/27/2025 10:01:03 AM
31,1.00,07/27/2025 09:50:15 AM
-1,1.00,07/27/2025 09:40:01 AM
21,1.00,07/27/2025 09:30:48 AM
-1,1.00,07/27/2025 09:20:33 AM
17,1.00,07/27/2025 09:10:15 AM
29,1.00,07/27/2025 09:01:03 AM
18,1.00,07/27/2025 08:50:15 AM
36,1.00,07/27/2025 08:40:01 AM
38,1.00,07/27/2025 08:30:47 AM
20,1.00,07/27/2025 08:20:33 AM
-1,1.00,07/27/2025 08:10:15 AM
17,1.00,07/27/2025 08:01:03 AM
38,1.00,07/27/2025 07:50:15 AM
-1,1.00,07/27/2025 07:40:01 AM
-1,1.00,07/27/2025 07:30:48 AM
-1,1.00,07/27/2025 07:20:33 AM
38,1.00,07/27/2025 07:10:15 AM
-1,1.00,07/27/2025 07:01:03 AM
33,1.00,07/27/2025 06:50:15 AM
-1,1.00,07/27/2025 06:40:00 AM
35,1.00,07/27/2025 06:30:48 AM
-1,1.00,07/27/2025 06:20:33 AM
32,1.00,07/27/2025 06:10:15 AM
-1,1.00,07/27/2025 06:01:07 AM
33,1.00,07/27/2025 05:50:14 AM
-1,1.00,07/27/2025 05:40:00 AM
-1,1.00,07/27/2025 05:30:48 AM
16,1.00,07/27/2025 05:20:33 AM
25,1.00,07/27/2025 05:10:15 AM
39,1.00,07/27/2025 05:01:02 AM
-1,1.00,07/27/2025 04:50:14 AM
-1,1.00,07/27/2025 04:40:00 AM
35,1.00,07/27/2025 04:30:48 AM
-1,1.00,07/27/2025 04:20:33 AM
-1,1.00,07/27/2025 04:10:14 AM
29,1.00,07/27/2025 04:01:02 AM
-1,1.00,07/27/2025 03:50:14 AM
15,1.00,07/27/2025 03:40:00 AM
-1,1.00,07/27/2025 03:30:47 AM
-1,1.00,07/27/2025 03:20:32 AM
20,1.00,07/27/2025 03:10:14 AM
-1,1.00,07/27/2025 03:01:02 AM
-1,1.00,07/27/2025 02:50:14 AM
29,1.00,07/27/2025 02:40:00 AM
-1,1.00,07/27/2025 02:30:48 AM
31,1.00,07/27/2025 02:20:32 AM
-1,1.00,07/27/2025 02:10:14 AM
23,1.00,07/27/2025 02:01:02 AM
17,1.00,07/27/2025 01:50:14 AM
31,1.00,07/27/2025 01:40:00 AM
17,1.00,07/27/2025 01:30:48 AM
17,1.00,07/27/2025 01:20:33 AM
-1,1.00,07/27/2025 01:10:14 AM
-1,1.00,07/27/2025 01:01:03 AM
31,1.00,07/27/2025 12:50:14 AM
16,1.00,07/27/2025 12:40:01 AM
18,1.00,07/27/2025 12:30:48 AM
41,1.00,07/27/2025 12:20:33 AM
-1,1.00,07/27/2025 12:10:14 AM
-1,1.00,07/27/2025 12:01:05 AM
31,1.00,07/26/2025 11:50:14 PM
31,1.00,07/26/2025 11:40:01 PM
-1,1.00,07/26/2025 11:30:48 PM
18,1.00,07/26/2025 11:20:33 PM
30,1.00,07/26/2025 11:10:15 PM
-1,1.00,07/26/2025 11:01:03 PM
15,1.00,07/26/2025 10:50:14 PM
31,1.00,07/26/2025 10:40:01 PM
39,1.00,07/26/2025 10:30:48 PM
-1,1.00,07/26/2025 10:20:33 PM
-1,1.00,07/26/2025 10:10:15 PM
39,1.00,07/26/2025 10:01:03 PM
24,1.00,07/26/2025 09:50:14 PM
20,1.00,07/26/2025 09:40:01 PM
36,1.00,07/26/2025 09:30:48 PM
-1,1.00,07/26/2025 09:20:33 PM
41,1.00,07/26/2025 09:10:15 PM
19,1.00,07/26/2025 09:01:03 PM
-1,1.00,07/26/2025 08:50:16 PM
-1,1.00,07/26/2025 08:40:01 PM
16,1.00,07/26/2025 08:30:48 PM
37,1.00,07/26/2025 08:20:33 PM
17,1.00,07/26/2025 08:10:15 PM
31,1.00,07/26/2025 08:01:03 PM
17,1.00,07/26/2025 07:50:16 PM
32,1.00,07/26/2025 07:40:01 PM
17,1.00,07/26/2025 07:30:48 PM
20,1.00,07/26/2025 07:20:33 PM
41,1.00,07/26/2025 07:10:15 PM
33,1.00,07/26/2025 07:01:03 PM
31,1.00,07/26/2025 06:50:16 PM
37,1.00,07/26/2025 06:40:01 PM
41,1.00,07/26/2025 06:30:48 PM
18,1.00,07/26/2025 06:20:33 PM
31,1.00,07/26/2025 06:10:16 PM
-1,1.00,07/26/2025 06:01:03 PM
38,1.00,07/26/2025 05:50:16 PM
41,1.00,07/26/2025 05:40:02 PM
-1,1.00,07/26/2025 05:30:48 PM
41,1.00,07/26/2025 05:20:33 PM
38,1.00,07/26/2025 05:10:16 PM
-1,1.00,07/26/2025 05:01:03 PM
-1,1.00,07/26/2025 04:50:15 PM
39,1.00,07/26/2025 04:40:01 PM
-1,1.00,07/26/2025 04:30:48 PM
31,1.00,07/26/2025 04:20:33 PM
36,1.00,07/26/2025 04:10:16 PM
33,1.00,07/26/2025 04:01:03 PM
41,1.00,07/26/2025 03:50:16 PM
41,1.00,07/26/2025 03:40:01 PM
-1,1.00,07/26/2025 03:30:48 PM
35,1.00,07/26/2025 03:20:33 PM
35,1.00,07/26/2025 03:10:16 PM
32,1.00,07/26/2025 03:01:03 PM
19,1.00,07/26/2025 02:50:15 PM
27,1.00,07/26/2025 02:40:01 PM
33,1.00,07/26/2025 02:30:49 PM
33,1.00,07/26/2025 02:20:35 PM
-1,1.00,07/26/2025 02:10:16 PM
40,1.00,07/26/2025 02:01:03 PM
41,1.00,07/26/2025 01:50:15 PM
-1,1.00,07/26/2025 01:40:01 PM
18,1.00,07/26/2025 01:30:49 PM
41,1.00,07/26/2025 01:20:34 PM
-1,1.00,07/26/2025 01:10:15 PM
17,1.00,07/26/2025 01:01:03 PM
34,1.00,07/26/2025 12:50:16 PM
36,1.00,07/26/2025 12:40:01 PM
16,1.00,07/26/2025 12:30:49 PM
-1,1.00,07/26/2025 12:20:34 PM
32,1.00,07/26/2025 12:10:15 PM
19,1.00,07/26/2025 12:01:03 PM
41,1.00,07/26/2025 11:50:15 AM
31,1.00,07/26/2025 11:40:01 AM
31,1.00,07/26/2025 11:30:48 AM
41,1.00,07/26/2025 11:20:34 AM
18,1.00,07/26/2025 11:10:15 AM
34,1.00,07/26/2025 11:01:03 AM
23,1.00,07/26/2025 10:50:15 AM
-1,1.00,07/26/2025 10:40:01 AM
23,1.00,07/26/2025 10:30:49 AM
38,1.00,07/26/2025 10:20:33 AM
25,1.00,07/26/2025 10:10:15 AM
18,1.00,07/26/2025 10:01:04 AM
29,1.00,07/26/2025 09:50:15 AM
38,1.00,07/26/2025 09:40:01 AM
17,1.00,07/26/2025 09:30:48 AM
31,1.00,07/26/2025 09:20:33 AM
22,1.00,07/26/2025 09:10:15 AM
31,1.00,07/26/2025 09:01:03 AM
-1,1.00,07/26/2025 08:50:15 AM
31,1.00,07/26/2025 08:40:01 AM
16,1.00,07/26/2025 08:30:48 AM
31,1.00,07/26/2025 08:20:33 AM
-1,1.00,07/26/2025 08:10:15 AM
29,1.00,07/26/2025 08:01:03 AM
34,1.00,07/26/2025 07:50:15 AM
15,1.00,07/26/2025 07:40:01 AM
26,1.00,07/26/2025 07:30:48 AM
-1,1.00,07/26/2025 07:20:33 AM
-1,1.00,07/26/2025 07:10:15 AM
36,1.00,07/26/2025 07:01:03 AM
31,1.00,07/26/2025 06:50:14 AM
-1,1.00,07/26/2025 06:40:01 AM
31,1.00,07/26/2025 06:30:48 AM
18,1.00,07/26/2025 06:20:33 AM
-1,1.00,07/26/2025 06:10:15 AM
28,1.00,07/26/2025 06:01:03 AM
21,1.00,07/26/2025 05:50:15 AM
-1,1.00,07/26/2025 05:40:01 AM
41,1.00,07/26/2025 05:30:47 AM
31,1.00,07/26/2025 05:20:32 AM
31,1.00,07/26/2025 05:10:14 AM
41,1.00,07/26/2025 05:01:03 AM
-1,1.00,07/26/2025 04:50:15 AM
-1,1.00,07/26/2025 04:40:01 AM
33,1.00,07/26/2025 04:30:47 AM
-1,1.00,07/26/2025 04:20:32 AM
-1,1.00,07/26/2025 04:10:14 AM
23,1.00,07/26/2025 04:01:02 AM
-1,1.00,07/26/2025 03:50:15 AM
-1,1.00,07/26/2025 03:40:01 AM
15,1.00,07/26/2025 03:30:47 AM
29,1.00,07/26/2025 03:20:32 AM
16,1.00,07/26/2025 03:10:14 AM
-1,1.00,07/26/2025 03:01:02 AM
-1,1.00,07/26/2025 02:50:14 AM
16,1.00,07/26/2025 02:40:00 AM
29,1.00,07/26/2025 02:30:47 AM
20,1.00,07/26/2025 02:20:33 AM
-1,1.00,07/26/2025 02:10:15 AM
16,1.00,07/26/2025 02:01:02 AM
-1,1.00,07/26/2025 01:50:14 AM
-1,1.00,07/26/2025 01:40:00 AM
27,1.00,07/26/2025 01:30:47 AM
36,1.00,07/26/2025 01:20:33 AM
-1,1.00,07/26/2025 01:10:15 AM
-1,1.00,07/26/2025 01:01:02 AM
35,1.00,07/26/2025 12:50:14 AM
-1,1.00,07/26/2025 12:40:01 AM
41,1.00,07/26/2025 12:30:47 AM
16,1.00,07/26/2025 12:20:33 AM
-1,1.00,07/26/2025 12:10:15 AM
17,1.00,07/26/2025 12:01:03 AM
-1,1.00,07/25/2025 11:50:15 PM
35,1.00,07/25/2025 11:40:01 PM
35,1.00,07/25/2025 11:30:47 PM
16,1.00,07/25/2025 11:20:33 PM
35,1.00,07/25/2025 11:10:15 PM
18,1.00,07/25/2025 11:01:03 PM
31,1.00,07/25/2025 10:50:15 PM
-1,1.00,07/25/2025 10:40:01 PM
17,1.00,07/25/2025 10:30:48 PM
-1,1.00,07/25/2025 10:20:33 PM
34,1.00,07/25/2025 10:10:15 PM
-1,1.00,07/25/2025 10:01:03 PM
30,1.00,07/25/2025 09:50:15 PM
31,1.00,07/25/2025 09:40:01 PM
18,1.00,07/25/2025 09:30:48 PM
33,1.00,07/25/2025 09:20:33 PM
34,1.00,07/25/2025 09:10:15 PM
33,1.00,07/25/2025 09:01:03 PM
-1,1.00,07/25/2025 08:50:15 PM
39,1.00,07/25/2025 08:40:01 PM
20,1.00,07/25/2025 08:30:49 PM
30,1.00,07/25/2025 08:20:34 PM
39,1.00,07/25/2025 08:10:15 PM
20,1.00,07/25/2025 08:01:03 PM
41,1.00,07/25/2025 07:50:15 PM
41,1.00,07/25/2025 07:40:01 PM
33,1.00,07/25/2025 07:30:49 PM
33,1.00,07/25/2025 07:20:34 PM
12,1.00,07/25/2025 07:10:15 PM
31,1.00,07/25/2025 07:01:04 PM
31,1.00,07/25/2025 06:50:15 PM
31,1.00,07/25/2025 06:40:01 PM
18,1.00,07/25/2025 06:30:49 PM
17,1.00,07/25/2025 06:20:34 PM
29,1.00,07/25/2025 06:10:16 PM
41,1.00,07/25/2025 06:01:04 PM
31,1.00,07/25/2025 05:50:15 PM
33,1.00,07/25/2025 05:40:01 PM
-1,1.00,07/25/2025 05:30:49 PM
33,1.00,07/25/2025 05:20:34 PM
18,1.00,07/25/2025 05:10:16 PM
39,1.00,07/25/2025 05:01:04 PM
23,1.00,07/25/2025 04:50:15 PM
18,1.00,07/25/2025 04:40:02 PM
30,1.00,07/25/2025 04:30:49 PM
33,1.00,07/25/2025 04:20:34 PM
33,1.00,07/25/2025 04:10:16 PM
-1,1.00,07/25/2025 04:01:04 PM
33,1.00,07/25/2025 03:50:15 PM
19,1.00,07/25/2025 03:40:02 PM
39,1.00,07/25/2025 03:30:49 PM
-1,1.00,07/25/2025 03:20:34 PM
34,1.00,07/25/2025 03:10:15 PM
16,1.00,07/25/2025 03:01:04 PM
31,1.00,07/25/2025 02:50:16 PM
38,1.00,07/25/2025 02:40:02 PM
34,1.00,07/25/2025 02:30:49 PM
-1,1.00,07/25/2025 02:20:34 PM
27,1.00,07/25/2025 02:10:15 PM
33,1.00,07/25/2025 02:01:04 PM
21,1.00,07/25/2025 01:50:16 PM
18,1.00,07/25/2025 01:40:02 PM
38,1.00,07/25/2025 01:30:48 PM
28,1.00,07/25/2025 01:20:33 PM
33,1.00,07/25/2025 01:10:15 PM
-1,1.00,07/25/2025 01:01:03 PM
30,1.00,07/25/2025 12:50:16 PM
32,1.00,07/25/2025 12:40:04 PM
25,1.00,07/25/2025 12:30:48 PM
14,1.00,07/25/2025 12:20:33 PM
16,1.00,07/25/2025 12:10:15 PM
15,1.00,07/25/2025 12:01:03 PM
18,1.00,07/25/2025 11:50:16 AM
31,1.00,07/25/2025 11:40:02 AM
14,1.00,07/25/2025 11:30:48 AM
31,1.00,07/25/2025 11:20:33 AM
-1,1.00,07/25/2025 11:10:15 AM
34,1.00,07/25/2025 11:01:03 AM
41,1.00,07/25/2025 10:50:16 AM
21,1.00,07/25/2025 10:40:01 AM
20,1.00,07/25/2025 10:30:48 AM
32,1.00,07/25/2025 10:20:33 AM
28,1.00,07/25/2025 10:10:15 AM
41,1.00,07/25/2025 10:01:03 AM
31,1.00,07/25/2025 09:50:16 AM
38,1.00,07/25/2025 09:40:02 AM
34,1.00,07/25/2025 09:30:48 AM
25,1.00,07/25/2025 09:20:34 AM
39,1.00,07/25/2025 09:10:15 AM
29,1.00,07/25/2025 09:01:04 AM
32,1.00,07/25/2025 08:50:16 AM
26,1.00,07/25/2025 08:40:02 AM
31,1.00,07/25/2025 08:30:48 AM
27,1.00,07/25/2025 08:20:34 AM
17,1.00,07/25/2025 08:10:16 AM
28,1.00,07/25/2025 08:01:04 AM
35,1.00,07/25/2025 07:50:16 AM
35,1.00,07/25/2025 07:40:02 AM
35,1.00,07/25/2025 07:30:48 AM
35,1.00,07/25/2025 07:20:35 AM
18,1.00,07/25/2025 07:10:16 AM
31,1.00,07/25/2025 07:01:03 AM
25,1.00,07/25/2025 06:50:15 AM
16,1.00,07/25/2025 06:40:01 AM
-1,1.00,07/25/2025 06:30:49 AM
16,1.00,07/25/2025 06:20:34 AM
31,1.00,07/25/2025 06:10:15 AM
18,1.00,07/25/2025 06:01:03 AM
-1,1.00,07/25/2025 05:50:15 AM
32,1.00,07/25/2025 05:40:01 AM
-1,1.00,07/25/2025 05:30:48 AM
23,1.00,07/25/2025 05:20:33 AM
33,1.00,07/25/2025 05:10:15 AM
16,1.00,07/25/2025 05:01:02 AM
31,1.00,07/25/2025 04:50:14 AM
-1,1.00,07/25/2025 04:40:00 AM
29,1.00,07/25/2025 04:30:48 AM
-1,1.00,07/25/2025 04:20:33 AM
36,1.00,07/25/2025 04:10:15 AM
-1,1.00,07/25/2025 04:01:02 AM
-1,1.00,07/25/2025 03:50:14 AM
-1,1.00,07/25/2025 03:40:00 AM
28,1.00,07/25/2025 03:30:48 AM
-1,1.00,07/25/2025 03:20:32 AM
-1,1.00,07/25/2025 03:10:14 AM
37,1.00,07/25/2025 03:01:02 AM
-1,1.00,07/25/2025 02:50:14 AM
17,1.00,07/25/2025 02:40:00 AM
-1,1.00,07/25/2025 02:30:48 AM
-1,1.00,07/25/2025 02:20:32 AM
-1,1.00,07/25/2025 02:10:14 AM
-1,1.00,07/25/2025 02:01:03 AM
30,1.00,07/25/2025 01:50:14 AM
-1,1.00,07/25/2025 01:40:01 AM
31,1.00,07/25/2025 01:30:48 AM
-1,1.00,07/25/2025 01:20:32 AM
18,1.00,07/25/2025 01:10:14 AM
-1,1.00,07/25/2025 01:01:03 AM
41,1.00,07/25/2025 12:50:14 AM
-1,1.00,07/25/2025 12:40:01 AM
16,1.00,07/25/2025 12:30:48 AM
30,1.00,07/25/2025 12:20:32 AM
17,1.00,07/25/2025 12:10:15 AM
-1,1.00,07/25/2025 12:01:03 AM
31,1.00,07/24/2025 11:50:15 PM
36,1.00,07/24/2025 11:40:01 PM
-1,1.00,07/24/2025 11:30:48 PM
-1,1.00,07/24/2025 11:20:33 PM
-1,1.00,07/24/2025 11:10:15 PM
20,1.00,07/24/2025 11:01:03 PM
-1,1.00,07/24/2025 10:50:15 PM
34,1.00,07/24/2025 10:40:01 PM
32,1.00,07/24/2025 10:30:48 PM
-1,1.00,07/24/2025 10:20:33 PM
27,1.00,07/24/2025 10:10:15 PM
16,1.00,07/24/2025 10:01:03 PM
-1,1.00,07/24/2025 09:50:15 PM
17,1.00,07/24/2025 09:40:01 PM
35,1.00,07/24/2025 09:30:48 PM
29,1.00,07/24/2025 09:20:33 PM
31,1.00,07/24/2025 09:10:15 PM
34,1.00,07/24/2025 09:01:03 PM
27,1.00,07/24/2025 08:50:15 PM
33,1.00,07/24/2025 08:40:01 PM
20,1.00,07/24/2025 08:30:48 PM
32,1.00,07/24/2025 08:20:34 PM
26,1.00,07/24/2025 08:10:15 PM
32,1.00,07/24/2025 08:01:03 PM
38,1.00,07/24/2025 07:50:15 PM
39,1.00,07/24/2025 07:40:01 PM
36,1.00,07/24/2025 07:30:48 PM
34,1.00,07/24/2025 07:20:34 PM
35,1.00,07/24/2025 07:10:15 PM
17,1.00,07/24/2025 07:01:04 PM
31,1.00,07/24/2025 06:50:15 PM
32,1.00,07/24/2025 06:40:01 PM
31,1.00,07/24/2025 06:30:49 PM
31,1.00,07/24/2025 06:20:34 PM
-1,1.00,07/24/2025 06:10:16 PM
33,1.00,07/24/2025 06:01:04 PM
41,1.00,07/24/2025 05:50:16 PM
35,1.00,07/24/2025 05:40:02 PM
36,1.00,07/24/2025 05:30:49 PM
31,1.00,07/24/2025 05:20:35 PM
39,1.00,07/24/2025 05:10:16 PM
12,1.00,07/24/2025 05:01:03 PM
29,1.00,07/24/2025 04:50:16 PM
38,1.00,07/24/2025 04:40:02 PM
18,1.00,07/24/2025 04:30:49 PM
18,1.00,07/24/2025 04:20:35 PM
-1,1.00,07/24/2025 04:10:16 PM
27,1.00,07/24/2025 04:01:04 PM
28,1.00,07/24/2025 03:50:16 PM
31,1.00,07/24/2025 03:40:02 PM
-1,1.00,07/24/2025 03:30:49 PM
21,1.00,07/24/2025 03:20:34 PM
18,1.00,07/24/2025 03:10:16 PM
35,1.00,07/24/2025 03:01:04 PM
39,1.00,07/24/2025 02:50:16 PM
14,1.00,07/24/2025 02:40:02 PM
23,1.00,07/24/2025 02:30:49 PM
25,1.00,07/24/2025 02:20:34 PM
38,1.00,07/24/2025 02:10:15 PM
17,1.00,07/24/2025 02:01:04 PM
31,1.00,07/24/2025 01:50:16 PM
31,1.00,07/24/2025 01:40:02 PM
37,1.00,07/24/2025 01:30:48 PM
15,1.00,07/24/2025 01:20:33 PM
40,1.00,07/24/2025 01:10:15 PM
-1,1.00,07/24/2025 01:01:04 PM
36,1.00,07/24/2025 12:50:16 PM
30,1.00,07/24/2025 12:40:01 PM
-1,1.00,07/24/2025 12:30:48 PM
34,1.00,07/24/2025 12:20:33 PM
25,1.00,07/24/2025 12:10:15 PM
35,1.00,07/24/2025 12:01:03 PM
16,1.00,07/24/2025 11:50:16 AM
18,1.00,07/24/2025 11:40:01 AM
18,1.00,07/24/2025 11:30:48 AM
23,1.00,07/24/2025 11:20:33 AM
38,1.00,07/24/2025 11:10:15 AM
40,1.00,07/24/2025 11:01:03 AM
39,1.00,07/24/2025 10:50:16 AM
29,1.00,07/24/2025 10:40:01 AM
41,1.00,07/24/2025 10:30:48 AM
38,1.00,07/24/2025 10:20:33 AM
32,1.00,07/24/2025 10:10:15 AM
31,1.00,07/24/2025 10:01:04 AM
32,1.00,07/24/2025 09:50:16 AM
31,1.00,07/24/2025 09:40:02 AM
32,1.00,07/24/2025 09:30:48 AM
21,1.00,07/24/2025 09:20:34 AM
41,1.00,07/24/2025 09:10:15 AM
31,1.00,07/24/2025 09:01:04 AM
26,1.00,07/24/2025 08:50:16 AM
14,1.00,07/24/2025 08:40:02 AM
29,1.00,07/24/2025 08:30:48 AM
41,1.00,07/24/2025 08:20:35 AM
19,1.00,07/24/2025 08:10:15 AM
31,1.00,07/24/2025 08:01:04 AM
41,1.00,07/24/2025 07:50:16 AM
31,1.00,07/24/2025 07:40:02 AM
25,1.00,07/24/2025 07:30:48 AM
31,1.00,07/24/2025 07:20:34 AM
16,1.00,07/24/2025 07:10:15 AM
33,1.00,07/24/2025 07:01:04 AM
30,1.00,07/24/2025 06:50:16 AM
16,1.00,07/24/2025 06:40:01 AM
31,1.00,07/24/2025 06:30:49 AM
17,1.00,07/24/2025 06:20:34 AM
-1,1.00,07/24/2025 06:10:16 AM
25,1.00,07/24/2025 06:01:03 AM
17,1.00,07/24/2025 05:50:15 AM
-1,1.00,07/24/2025 05:40:01 AM
-1,1.00,07/24/2025 05:30:48 AM
22,1.00,07/24/2025 05:20:33 AM
40,1.00,07/24/2025 05:10:15 AM
18,1.00,07/24/2025 05:01:02 AM
28,1.00,07/24/2025 04:50:14 AM
31,1.00,07/24/2025 04:40:00 AM
29,1.00,07/24/2025 04:30:48 AM
-1,1.00,07/24/2025 04:20:33 AM
-1,1.00,07/24/2025 04:10:15 AM
-1,1.00,07/24/2025 04:01:02 AM
-1,1.00,07/24/2025 03:50:14 AM
-1,1.00,07/24/2025 03:40:00 AM
31,1.00,07/24/2025 03:30:48 AM
-1,1.00,07/24/2025 03:20:32 AM
-1,1.00,07/24/2025 03:10:15 AM
30,1.00,07/24/2025 03:01:02 AM
-1,1.00,07/24/2025 02:50:14 AM
16,1.00,07/24/2025 02:40:01 AM
27,1.00,07/24/2025 02:30:48 AM
41,1.00,07/24/2025 02:20:32 AM
-1,1.00,07/24/2025 02:10:15 AM
-1,1.00,07/24/2025 02:01:02 AM
31,1.00,07/24/2025 01:50:14 AM
16,1.00,07/24/2025 01:40:01 AM
35,1.00,07/24/2025 01:30:48 AM
-1,1.00,07/24/2025 01:20:32 AM
15,1.00,07/24/2025 01:10:15 AM
-1,1.00,07/24/2025 01:01:02 AM
33,1.00,07/24/2025 12:50:14 AM
-1,1.00,07/24/2025 12:40:01 AM
-1,1.00,07/24/2025 12:30:48 AM
29,1.00,07/24/2025 12:20:33 AM
35,1.00,07/24/2025 12:10:15 AM
31,1.00,07/24/2025 12:01:06 AM
-1,1.00,07/23/2025 11:50:15 PM
20,1.00,07/23/2025 11:40:01 PM
29,1.00,07/23/2025 11:30:48 PM
31,1.00,07/23/2025 11:20:33 PM
31,1.00,07/23/2025 11:10:15 PM
16,1.00,07/23/2025 11:01:03 PM
-1,1.00,07/23/2025 10:50:15 PM
22,1.00,07/23/2025 10:40:01 PM
38,1.00,07/23/2025 10:30:48 PM
-1,1.00,07/23/2025 10:20:33 PM
38,1.00,07/23/2025 10:10:15 PM
-1,1.00,07/23/2025 10:01:03 PM
29,1.00,07/23/2025 09:50:15 PM
-1,1.00,07/23/2025 09:40:01 PM
16,1.00,07/23/2025 09:30:48 PM
14,1.00,07/23/2025 09:20:34 PM
31,1.00,07/23/2025 09:10:15 PM
32,1.00,07/23/2025 09:01:03 PM
31,1.00,07/23/2025 08:50:15 PM
35,1.00,07/23/2025 08:40:01 PM
17,1.00,07/23/2025 08:30:48 PM
37,1.00,07/23/2025 08:20:34 PM
30,1.00,07/23/2025 08:10:15 PM
33,1.00,07/23/2025 08:01:03 PM
41,1.00,07/23/2025 07:50:15 PM
-1,1.00,07/23/2025 07:40:01 PM
41,1.00,07/23/2025 07:30:48 PM
33,1.00,07/23/2025 07:20:34 PM
17,1.00,07/23/2025 07:10:15 PM
-1,1.00,07/23/2025 07:01:04 PM
-1,1.00,07/23/2025 06:50:16 PM
35,1.00,07/23/2025 06:40:02 PM
20,1.00,07/23/2025 06:30:48 PM
-1,1.00,07/23/2025 06:20:34 PM
33,1.00,07/23/2025 06:10:15 PM
35,1.00,07/23/2025 06:01:04 PM
30,1.00,07/23/2025 05:50:16 PM
31,1.00,07/23/2025 05:40:02 PM
-1,1.00,07/23/2025 05:30:48 PM
29,1.00,07/23/2025 05:20:34 PM
-1,1.00,07/23/2025 05:10:15 PM
-1,1.00,07/23/2025 05:01:04 PM
-1,1.00,07/23/2025 04:50:16 PM
25,1.00,07/23/2025 04:40:03 PM
18,1.00,07/23/2025 04:30:49 PM
34,1.00,07/23/2025 04:20:35 PM
27,1.00,07/23/2025 04:10:16 PM
20,1.00,07/23/2025 04:01:04 PM
35,1.00,07/23/2025 03:50:16 PM
18,1.00,07/23/2025 03:40:02 PM
34,1.00,07/23/2025 03:30:48 PM
33,1.00,07/23/2025 03:20:34 PM
34,1.00,07/23/2025 03:10:17 PM
31,1.00,07/23/2025 03:01:04 PM
-1,1.00,07/23/2025 02:50:16 PM
13,1.00,07/23/2025 02:40:01 PM
35,1.00,07/23/2025 02:30:48 PM
16,1.00,07/23/2025 02:20:34 PM
35,1.00,07/23/2025 02:10:15 PM
31,1.00,07/23/2025 02:01:03 PM
40,1.00,07/23/2025 01:50:15 PM
18,1.00,07/23/2025 01:40:01 PM
-1,1.00,07/23/2025 01:30:48 PM
-1,1.00,07/23/2025 01:20:34 PM
33,1.00,07/23/2025 01:10:15 PM
-1,1.00,07/23/2025 01:01:03 PM
41,1.00,07/23/2025 12:50:15 PM
-1,1.00,07/23/2025 12:40:01 PM
18,1.00,07/23/2025 12:30:48 PM
33,1.00,07/23/2025 12:20:34 PM
29,1.00,07/23/2025 12:10:18 PM
16,1.00,07/23/2025 12:01:03 PM
38,1.00,07/23/2025 11:50:15 AM
41,1.00,07/23/2025 11:40:01 AM
16,1.00,07/23/2025 11:30:49 AM
33,1.00,07/23/2025 11:20:33 AM
38,1.00,07/23/2025 11:10:16 AM
15,1.00,07/23/2025 11:01:03 AM
38,1.00,07/23/2025 10:50:15 AM
33,1.00,07/23/2025 10:40:01 AM
30,1.00,07/23/2025 10:30:49 AM
37,1.00,07/23/2025 10:20:34 AM
16,1.00,07/23/2025 10:10:16 AM
29,1.00,07/23/2025 10:01:03 AM
38,1.00,07/23/2025 09:50:15 AM
37,1.00,07/23/2025 09:40:01 AM
35,1.00,07/23/2025 09:30:49 AM
35,1.00,07/23/2025 09:20:34 AM
34,1.00,07/23/2025 09:10:16 AM
36,1.00,07/23/2025 09:01:03 AM
31,1.00,07/23/2025 08:50:15 AM
31,1.00,07/23/2025 08:40:01 AM
34,1.00,07/23/2025 08:30:49 AM
35,1.00,07/23/2025 08:20:34 AM
16,1.00,07/23/2025 08:10:16 AM
32,1.00,07/23/2025 08:01:03 AM
38,1.00,07/23/2025 07:50:15 AM
31,1.00,07/23/2025 07:40:01 AM
41,1.00,07/23/2025 07:30:49 AM
29,1.00,07/23/2025 07:20:34 AM
41,1.00,07/23/2025 07:10:16 AM
33,1.00,07/23/2025 07:01:03 AM
33,1.00,07/23/2025 06:50:16 AM
33,1.00,07/23/2025 06:40:02 AM
-1,1.00,07/23/2025 06:30:48 AM
14,1.00,07/23/2025 06:20:33 AM
-1,1.00,07/23/2025 06:10:15 AM
18,1.00,07/23/2025 06:01:03 AM
-1,1.00,07/23/2025 05:50:15 AM
34,1.00,07/23/2025 05:40:01 AM
-1,1.00,07/23/2025 05:30:48 AM
-1,1.00,07/23/2025 05:20:32 AM
-1,1.00,07/23/2025 05:10:15 AM
25,1.00,07/23/2025 05:01:02 AM
-1,1.00,07/23/2025 04:50:14 AM
-1,1.00,07/23/2025 04:40:01 AM
24,1.00,07/23/2025 04:30:47 AM
-1,1.00,07/23/2025 04:20:32 AM
-1,1.00,07/23/2025 04:10:15 AM
40,1.00,07/23/2025 04:01:02 AM
-1,1.00,07/23/2025 03:50:15 AM
-1,1.00,07/23/2025 03:40:01 AM
26,1.00,07/23/2025 03:30:47 AM
-1,1.00,07/23/2025 03:20:33 AM
-1,1.00,07/23/2025 03:10:14 AM
36,1.00,07/23/2025 03:01:03 AM
-1,1.00,07/23/2025 02:50:15 AM
-1,1.00,07/23/2025 02:40:00 AM
-1,1.00,07/23/2025 02:30:47 AM
16,1.00,07/23/2025 02:20:33 AM
-1,1.00,07/23/2025 02:10:14 AM
-1,1.00,07/23/2025 02:01:03 AM
37,1.00,07/23/2025 01:50:15 AM
-1,1.00,07/23/2025 01:40:00 AM
31,1.00,07/23/2025 01:30:47 AM
-1,1.00,07/23/2025 01:20:33 AM
-1,1.00,07/23/2025 01:10:14 AM
41,1.00,07/23/2025 01:01:03 AM
34,1.00,07/23/2025 12:50:15 AM
-1,1.00,07/23/2025 12:40:01 AM
17,1.00,07/23/2025 12:30:47 AM
35,1.00,07/23/2025 12:20:33 AM
41,1.00,07/23/2025 12:10:15 AM
16,1.00,07/23/2025 12:01:03 AM
-1,1.00,07/22/2025 11:50:15 PM
41,1.00,07/22/2025 11:40:01 PM
19,1.00,07/22/2025 11:30:47 PM
27,1.00,07/22/2025 11:20:33 PM
41,1.00,07/22/2025 11:10:15 PM
-1,1.00,07/22/2025 11:01:03 PM
-1,1.00,07/22/2025 10:50:15 PM
29,1.00,07/22/2025 10:40:01 PM
-1,1.00,07/22/2025 10:30:48 PM
35,1.00,07/22/2025 10:20:34 PM
-1,1.00,07/22/2025 10:10:15 PM
27,1.00,07/22/2025 10:01:03 PM
-1,1.00,07/22/2025 09:50:15 PM
27,1.00,07/22/2025 09:40:01 PM
-1,1.00,07/22/2025 09:30:48 PM
31,1.00,07/22/2025 09:20:33 PM
34,1.00,07/22/2025 09:10:15 PM
40,1.00,07/22/2025 09:01:03 PM
15,1.00,07/22/2025 08:50:15 PM
29,1.00,07/22/2025 08:40:01 PM
23,1.00,07/22/2025 08:30:48 PM
27,1.00,07/22/2025 08:20:33 PM
28,1.00,07/22/2025 08:10:15 PM
41,1.00,07/22/2025 08:01:03 PM
31,1.00,07/22/2025 07:50:15 PM
16,1.00,07/22/2025 07:40:01 PM
40,1.00,07/22/2025 07:30:49 PM
41,1.00,07/22/2025 07:20:34 PM
37,1.00,07/22/2025 07:10:16 PM
37,1.00,07/22/2025 07:01:03 PM
16,1.00,07/22/2025 06:50:15 PM
25,1.00,07/22/2025 06:40:01 PM
31,1.00,07/22/2025 06:30:49 PM
-1,1.00,07/22/2025 06:20:34 PM
25,1.00,07/22/2025 06:10:16 PM
37,1.00,07/22/2025 06:01:03 PM
38,1.00,07/22/2025 05:50:16 PM
37,1.00,07/22/2025 05:40:01 PM
33,1.00,07/22/2025 05:30:49 PM
35,1.00,07/22/2025 05:20:34 PM
36,1.00,07/22/2025 05:10:16 PM
40,1.00,07/22/2025 05:01:03 PM
31,1.00,07/22/2025 04:50:15 PM
32,1.00,07/22/2025 04:40:01 PM
17,1.00,07/22/2025 04:30:49 PM
35,1.00,07/22/2025 04:20:34 PM
38,1.00,07/22/2025 04:10:16 PM
35,1.00,07/22/2025 04:01:04 PM
31,1.00,07/22/2025 03:50:15 PM
32,1.00,07/22/2025 03:40:02 PM
25,1.00,07/22/2025 03:30:49 PM
38,1.00,07/22/2025 03:20:33 PM
39,1.00,07/22/2025 03:10:16 PM
14,1.00,07/22/2025 03:01:04 PM
38,1.00,07/22/2025 02:50:15 PM
31,1.00,07/22/2025 02:40:02 PM
20,1.00,07/22/2025 02:30:49 PM
-1,1.00,07/22/2025 02:20:33 PM
25,1.00,07/22/2025 02:10:16 PM
38,1.00,07/22/2025 02:01:04 PM
26,1.00,07/22/2025 01:50:16 PM
38,1.00,07/22/2025 01:40:02 PM
-1,1.00,07/22/2025 01:30:48 PM
28,1.00,07/22/2025 01:20:34 PM
17,1.00,07/22/2025 01:10:16 PM
35,1.00,07/22/2025 01:01:04 PM
19,1.00,07/22/2025 12:50:16 PM
-1,1.00,07/22/2025 12:40:01 PM
35,1.00,07/22/2025 12:30:48 PM
31,1.00,07/22/2025 12:20:34 PM
-1,1.00,07/22/2025 12:10:15 PM
18,1.00,07/22/2025 12:01:03 PM
31,1.00,07/22/2025 11:50:15 AM
41,1.00,07/22/2025 11:40:01 AM
32,1.00,07/22/2025 11:30:48 AM
35,1.00,07/22/2025 11:20:34 AM
39,1.00,07/22/2025 11:10:15 AM
40,1.00,07/22/2025 11:01:04 AM
38,1.00,07/22/2025 10:50:16 AM
34,1.00,07/22/2025 10:40:02 AM
40,1.00,07/22/2025 10:30:48 AM
40,1.00,07/22/2025 10:20:34 AM
31,1.00,07/22/2025 10:10:15 AM
34,1.00,07/22/2025 10:01:04 AM
38,1.00,07/22/2025 09:50:16 AM
35,1.00,07/22/2025 09:40:02 AM
38,1.00,07/22/2025 09:30:48 AM
27,1.00,07/22/2025 09:20:34 AM
38,1.00,07/22/2025 09:10:16 AM
38,1.00,07/22/2025 09:01:04 AM
31,1.00,07/22/2025 08:50:16 AM
35,1.00,07/22/2025 08:40:02 AM
39,1.00,07/22/2025 08:30:48 AM
41,1.00,07/22/2025 08:20:35 AM
18,1.00,07/22/2025 08:10:16 AM
-1,1.00,07/22/2025 08:01:04 AM
32,1.00,07/22/2025 07:50:16 AM
31,1.00,07/22/2025 07:40:02 AM
37,1.00,07/22/2025 07:30:48 AM
35,1.00,07/22/2025 07:20:35 AM
18,1.00,07/22/2025 07:10:15 AM
16,1.00,07/22/2025 07:01:04 AM
29,1.00,07/22/2025 06:50:15 AM
16,1.00,07/22/2025 06:40:01 AM
31,1.00,07/22/2025 06:30:48 AM
16,1.00,07/22/2025 06:20:34 AM
-1,1.00,07/22/2025 06:10:15 AM
16,1.00,07/22/2025 06:01:03 AM
-1,1.00,07/22/2025 05:50:15 AM
31,1.00,07/22/2025 05:40:01 AM
-1,1.00,07/22/2025 05:30:48 AM
26,1.00,07/22/2025 05:20:33 AM
-1,1.00,07/22/2025 05:10:14 AM
17,1.00,07/22/2025 05:01:02 AM
36,1.00,07/22/2025 04:50:14 AM
-1,1.00,07/22/2025 04:40:00 AM
39,1.00,07/22/2025 04:30:48 AM
-1,1.00,07/22/2025 04:20:33 AM
16,1.00,07/22/2025 04:10:14 AM
31,1.00,07/22/2025 04:01:02 AM
-1,1.00,07/22/2025 03:50:14 AM
-1,1.00,07/22/2025 03:40:00 AM
17,1.00,07/22/2025 03:30:48 AM
-1,1.00,07/22/2025 03:20:32 AM
-1,1.00,07/22/2025 03:10:14 AM
15,1.00,07/22/2025 03:01:02 AM
-1,1.00,07/22/2025 02:50:14 AM
31,1.00,07/22/2025 02:40:00 AM
-1,1.00,07/22/2025 02:30:48 AM
16,1.00,07/22/2025 02:20:32 AM
-1,1.00,07/22/2025 02:10:14 AM
-1,1.00,07/22/2025 02:01:02 AM
32,1.00,07/22/2025 01:50:14 AM
17,1.00,07/22/2025 01:40:00 AM
-1,1.00,07/22/2025 01:30:48 AM
-1,1.00,07/22/2025 01:20:32 AM
23,1.00,07/22/2025 01:10:15 AM
-1,1.00,07/22/2025 01:01:02 AM
38,1.00,07/22/2025 12:50:14 AM
-1,1.00,07/22/2025 12:40:01 AM
-1,1.00,07/22/2025 12:30:48 AM
31,1.00,07/22/2025 12:20:32 AM
-1,1.00,07/22/2025 12:10:15 AM
32,1.00,07/22/2025 12:01:05 AM
32,1.00,07/21/2025 11:50:14 PM
16,1.00,07/21/2025 11:40:01 PM
39,1.00,07/21/2025 11:30:48 PM
41,1.00,07/21/2025 11:20:33 PM
-1,1.00,07/21/2025 11:10:15 PM
31,1.00,07/21/2025 11:01:02 PM
26,1.00,07/21/2025 10:50:14 PM
-1,1.00,07/21/2025 10:40:01 PM
18,1.00,07/21/2025 10:30:48 PM
-1,1.00,07/21/2025 10:20:33 PM
-1,1.00,07/21/2025 10:10:15 PM
41,1.00,07/21/2025 10:01:03 PM
31,1.00,07/21/2025 09:50:15 PM
31,1.00,07/21/2025 09:40:01 PM
-1,1.00,07/21/2025 09:30:48 PM
29,1.00,07/21/2025 09:20:33 PM
16,1.00,07/21/2025 09:10:15 PM
31,1.00,07/21/2025 09:01:03 PM
27,1.00,07/21/2025 08:50:16 PM
35,1.00,07/21/2025 08:40:01 PM
25,1.00,07/21/2025 08:30:48 PM
20,1.00,07/21/2025 08:20:33 PM
32,1.00,07/21/2025 08:10:16 PM
16,1.00,07/21/2025 08:01:03 PM
34,1.00,07/21/2025 07:50:16 PM
20,1.00,07/21/2025 07:40:01 PM
35,1.00,07/21/2025 07:30:48 PM
35,1.00,07/21/2025 07:20:34 PM
22,1.00,07/21/2025 07:10:16 PM
39,1.00,07/21/2025 07:01:03 PM
19,1.00,07/21/2025 06:50:16 PM
28,1.00,07/21/2025 06:40:01 PM
33,1.00,07/21/2025 06:30:49 PM
35,1.00,07/21/2025 06:20:35 PM
16,1.00,07/21/2025 06:10:16 PM
33,1.00,07/21/2025 06:01:03 PM
33,1.00,07/21/2025 05:50:16 PM
31,1.00,07/21/2025 05:40:02 PM
31,1.00,07/21/2025 05:30:48 PM
31,1.00,07/21/2025 05:20:34 PM
33,1.00,07/21/2025 05:10:16 PM
38,1.00,07/21/2025 05:01:04 PM
33,1.00,07/21/2025 04:50:16 PM
36,1.00,07/21/2025 04:40:02 PM
28,1.00,07/21/2025 04:30:49 PM
29,1.00,07/21/2025 04:20:35 PM
29,1.00,07/21/2025 04:10:16 PM
34,1.00,07/21/2025 04:01:04 PM
16,1.00,07/21/2025 03:50:16 PM
32,1.00,07/21/2025 03:40:02 PM
31,1.00,07/21/2025 03:30:48 PM
33,1.00,07/21/2025 03:20:34 PM
41,1.00,07/21/2025 03:10:16 PM
34,1.00,07/21/2025 03:01:04 PM
33,1.00,07/21/2025 02:50:15 PM
18,1.00,07/21/2025 02:40:02 PM
36,1.00,07/21/2025 02:30:48 PM
-1,1.00,07/21/2025 02:20:34 PM
41,1.00,07/21/2025 02:10:15 PM
31,1.00,07/21/2025 02:01:04 PM
33,1.00,07/21/2025 01:50:15 PM
31,1.00,07/21/2025 01:40:02 PM
37,1.00,07/21/2025 01:30:49 PM
35,1.00,07/21/2025 01:20:34 PM
36,1.00,07/21/2025 01:10:15 PM
37,1.00,07/21/2025 01:01:04 PM
16,1.00,07/21/2025 12:50:15 PM
32,1.00,07/21/2025 12:40:02 PM
-1,1.00,07/21/2025 12:30:49 PM
29,1.00,07/21/2025 12:20:33 PM
35,1.00,07/21/2025 12:10:15 PM
41,1.00,07/21/2025 12:01:03 PM
14,1.00,07/21/2025 11:50:15 AM
33,1.00,07/21/2025 11:40:01 AM
40,1.00,07/21/2025 11:30:49 AM
33,1.00,07/21/2025 11:20:33 AM
16,1.00,07/21/2025 11:10:15 AM
39,1.00,07/21/2025 11:01:03 AM
39,1.00,07/21/2025 10:50:15 AM
31,1.00,07/21/2025 10:40:02 AM
31,1.00,07/21/2025 10:30:49 AM
38,1.00,07/21/2025 10:20:33 AM
41,1.00,07/21/2025 10:10:15 AM
35,1.00,07/21/2025 10:01:04 AM
35,1.00,07/21/2025 09:50:15 AM
41,1.00,07/21/2025 09:40:02 AM
40,1.00,07/21/2025 09:30:49 AM
34,1.00,07/21/2025 09:20:34 AM
29,1.00,07/21/2025 09:10:15 AM
18,1.00,07/21/2025 09:01:04 AM
35,1.00,07/21/2025 08:50:15 AM
31,1.00,07/21/2025 08:40:02 AM
32,1.00,07/21/2025 08:30:49 AM
37,1.00,07/21/2025 08:20:34 AM
18,1.00,07/21/2025 08:10:15 AM
33,1.00,07/21/2025 08:01:05 AM
36,1.00,07/21/2025 07:50:15 AM
36,1.00,07/21/2025 07:40:02 AM
40,1.00,07/21/2025 07:30:49 AM
38,1.00,07/21/2025 07:20:34 AM
18,1.00,07/21/2025 07:10:15 AM
31,1.00,07/21/2025 07:01:04 AM
34,1.00,07/21/2025 06:50:15 AM
35,1.00,07/21/2025 06:40:02 AM
-1,1.00,07/21/2025 06:30:49 AM
19,1.00,07/21/2025 06:20:33 AM
-1,1.00,07/21/2025 06:10:16 AM
41,1.00,07/21/2025 06:01:03 AM
-1,1.00,07/21/2025 05:50:15 AM
18,1.00,07/21/2025 05:40:01 AM
20,1.00,07/21/2025 05:30:48 AM
-1,1.00,07/21/2025 05:20:33 AM
-1,1.00,07/21/2025 05:10:15 AM
19,1.00,07/21/2025 05:01:02 AM
-1,1.00,07/21/2025 04:50:15 AM
-1,1.00,07/21/2025 04:40:00 AM
16,1.00,07/21/2025 04:30:47 AM
-1,1.00,07/21/2025 04:20:33 AM
-1,1.00,07/21/2025 04:10:15 AM
41,1.00,07/21/2025 04:01:02 AM
-1,1.00,07/21/2025 03:50:15 AM
18,1.00,07/21/2025 03:40:00 AM
-1,1.00,07/21/2025 03:30:47 AM
-1,1.00,07/21/2025 03:20:33 AM
-1,1.00,07/21/2025 03:10:14 AM
32,1.00,07/21/2025 03:01:02 AM
-1,1.00,07/21/2025 02:50:14 AM
-1,1.00,07/21/2025 02:40:00 AM
31,1.00,07/21/2025 02:30:47 AM
29,1.00,07/21/2025 02:20:32 AM
-1,1.00,07/21/2025 02:10:14 AM
25,1.00,07/21/2025 02:01:03 AM
-1,1.00,07/21/2025 01:50:14 AM
25,1.00,07/21/2025 01:40:00 AM
-1,1.00,07/21/2025 01:30:47 AM
35,1.00,07/21/2025 01:20:33 AM
-1,1.00,07/21/2025 01:10:15 AM
-1,1.00,07/21/2025 01:01:03 AM
33,1.00,07/21/2025 12:50:15 AM
19,1.00,07/21/2025 12:40:01 AM
40,1.00,07/21/2025 12:30:47 AM
27,1.00,07/21/2025 12:20:33 AM
29,1.00,07/21/2025 12:10:15 AM
38,1.00,07/21/2025 12:01:04 AM
-1,1.00,07/20/2025 11:50:15 PM
33,1.00,07/20/2025 11:40:01 PM
31,1.00,07/20/2025 11:30:47 PM
29,1.00,07/20/2025 11:20:33 PM
25,1.00,07/20/2025 11:10:15 PM
36,1.00,07/20/2025 11:01:03 PM
-1,1.00,07/20/2025 10:50:15 PM
-1,1.00,07/20/2025 10:40:01 PM
-1,1.00,07/20/2025 10:30:47 PM
17,1.00,07/20/2025 10:20:33 PM
16,1.00,07/20/2025 10:10:15 PM
30,1.00,07/20/2025 10:01:03 PM
-1,1.00,07/20/2025 09:50:15 PM
29,1.00,07/20/2025 09:40:01 PM
15,1.00,07/20/2025 09:30:47 PM
-1,1.00,07/20/2025 09:20:33 PM
-1,1.00,07/20/2025 09:10:15 PM
35,1.00,07/20/2025 09:01:03 PM
-1,1.00,07/20/2025 08:50:15 PM
-1,1.00,07/20/2025 08:40:01 PM
-1,1.00,07/20/2025 08:30:48 PM
36,1.00,07/20/2025 08:20:33 PM
32,1.00,07/20/2025 08:10:15 PM
20,1.00,07/20/2025 08:01:03 PM
19,1.00,07/20/2025 07:50:15 PM
31,1.00,07/20/2025 07:40:01 PM
33,1.00,07/20/2025 07:30:48 PM
37,1.00,07/20/2025 07:20:33 PM
31,1.00,07/20/2025 07:10:15 PM
31,1.00,07/20/2025 07:01:03 PM
31,1.00,07/20/2025 06:50:15 PM
29,1.00,07/20/2025 06:40:01 PM
-1,1.00,07/20/2025 06:30:48 PM
29,1.00,07/20/2025 06:20:33 PM
34,1.00,07/20/2025 06:10:15 PM
17,1.00,07/20/2025 06:01:03 PM
31,1.00,07/20/2025 05:50:15 PM
31,1.00,07/20/2025 05:40:01 PM
-1,1.00,07/20/2025 05:30:48 PM
33,1.00,07/20/2025 05:20:33 PM
-1,1.00,07/20/2025 05:10:15 PM
-1,1.00,07/20/2025 05:01:03 PM
39,1.00,07/20/2025 04:50:15 PM
28,1.00,07/20/2025 04:40:01 PM
-1,1.00,07/20/2025 04:30:49 PM
41,1.00,07/20/2025 04:20:33 PM
-1,1.00,07/20/2025 04:10:15 PM
41,1.00,07/20/2025 04:01:03 PM
-1,1.00,07/20/2025 03:50:15 PM
41,1.00,07/20/2025 03:40:01 PM
36,1.00,07/20/2025 03:30:48 PM
-1,1.00,07/20/2025 03:20:33 PM
41,1.00,07/20/2025 03:10:15 PM
35,1.00,07/20/2025 03:01:03 PM
-1,1.00,07/20/2025 02:50:15 PM
33,1.00,07/20/2025 02:40:01 PM
28,1.00,07/20/2025 02:30:48 PM
35,1.00,07/20/2025 02:20:33 PM
-1,1.00,07/20/2025 02:10:15 PM
20,1.00,07/20/2025 02:01:03 PM
-1,1.00,07/20/2025 01:50:15 PM
40,1.00,07/20/2025 01:40:01 PM
38,1.00,07/20/2025 01:30:48 PM
22,1.00,07/20/2025 01:20:33 PM
35,1.00,07/20/2025 01:10:15 PM
19,1.00,07/20/2025 01:01:03 PM
41,1.00,07/20/2025 12:50:15 PM
31,1.00,07/20/2025 12:40:01 PM
39,1.00,07/20/2025 12:30:48 PM
34,1.00,07/20/2025 12:20:33 PM
14,1.00,07/20/2025 12:10:15 PM
19,1.00,07/20/2025 12:01:03 PM
41,1.00,07/20/2025 11:50:15 AM
-1,1.00,07/20/2025 11:40:01 AM
19,1.00,07/20/2025 11:30:48 AM
20,1.00,07/20/2025 11:20:33 AM
16,1.00,07/20/2025 11:10:15 AM
30,1.00,07/20/2025 11:01:03 AM
41,1.00,07/20/2025 10:50:15 AM
18,1.00,07/20/2025 10:40:01 AM
-1,1.00,07/20/2025 10:30:48 AM
-1,1.00,07/20/2025 10:20:33 AM
31,1.00,07/20/2025 10:10:14 AM
-1,1.00,07/20/2025 10:01:02 AM
38,1.00,07/20/2025 09:50:15 AM
-1,1.00,07/20/2025 09:40:01 AM
18,1.00,07/20/2025 09:30:48 AM
41,1.00,07/20/2025 09:20:33 AM
-1,1.00,07/20/2025 09:10:14 AM
32,1.00,07/20/2025 09:01:03 AM
17,1.00,07/20/2025 08:50:15 AM
33,1.00,07/20/2025 08:40:00 AM
-1,1.00,07/20/2025 08:30:48 AM
16,1.00,07/20/2025 08:20:33 AM
-1,1.00,07/20/2025 08:10:15 AM
35,1.00,07/20/2025 08:01:03 AM
18,1.00,07/20/2025 07:50:15 AM
-1,1.00,07/20/2025 07:40:00 AM
16,1.00,07/20/2025 07:30:48 AM
34,1.00,07/20/2025 07:20:33 AM
35,1.00,07/20/2025 07:10:15 AM
-1,1.00,07/20/2025 07:01:03 AM
29,1.00,07/20/2025 06:50:15 AM
-1,1.00,07/20/2025 06:40:00 AM
18,1.00,07/20/2025 06:30:48 AM
-1,1.00,07/20/2025 06:20:33 AM
31,1.00,07/20/2025 06:10:15 AM
-1,1.00,07/20/2025 06:01:03 AM
35,1.00,07/20/2025 05:50:15 AM
29,1.00,07/20/2025 05:40:01 AM
-1,1.00,07/20/2025 05:30:47 AM
17,1.00,07/20/2025 05:20:33 AM
-1,1.00,07/20/2025 05:10:15 AM
31,1.00,07/20/2025 05:01:03 AM
-1,1.00,07/20/2025 04:50:15 AM
-1,1.00,07/20/2025 04:40:01 AM
34,1.00,07/20/2025 04:30:47 AM
-1,1.00,07/20/2025 04:20:33 AM
41,1.00,07/20/2025 04:10:14 AM
-1,1.00,07/20/2025 04:01:02 AM
31,1.00,07/20/2025 03:50:14 AM
-1,1.00,07/20/2025 03:40:01 AM
20,1.00,07/20/2025 03:30:47 AM
-1,1.00,07/20/2025 03:20:32 AM
-1,1.00,07/20/2025 03:10:14 AM
31,1.00,07/20/2025 03:01:02 AM
-1,1.00,07/20/2025 02:50:14 AM
33,1.00,07/20/2025 02:40:00 AM
-1,1.00,07/20/2025 02:30:47 AM
18,1.00,07/20/2025 02:20:32 AM
38,1.00,07/20/2025 02:10:14 AM
41,1.00,07/20/2025 02:01:02 AM
33,1.00,07/20/2025 01:50:14 AM
-1,1.00,07/20/2025 01:40:00 AM
-1,1.00,07/20/2025 01:30:48 AM
17,1.00,07/20/2025 01:20:32 AM
40,1.00,07/20/2025 01:10:14 AM
41,1.00,07/20/2025 01:01:02 AM
-1,1.00,07/20/2025 12:50:14 AM
-1,1.00,07/20/2025 12:40:00 AM
39,1.00,07/20/2025 12:30:48 AM
41,1.00,07/20/2025 12:20:32 AM
-1,1.00,07/20/2025 12:10:14 AM
-1,1.00,07/20/2025 12:01:02 AM
-1,1.00,07/19/2025 11:50:14 PM
-1,1.00,07/19/2025 11:40:01 PM
31,1.00,07/19/2025 11:30:48 PM
36,1.00,07/19/2025 11:20:33 PM
26,1.00,07/19/2025 11:10:14 PM
-1,1.00,07/19/2025 11:01:02 PM
25,1.00,07/19/2025 10:50:15 PM
31,1.00,07/19/2025 10:40:01 PM
41,1.00,07/19/2025 10:30:48 PM
19,1.00,07/19/2025 10:20:33 PM
17,1.00,07/19/2025 10:10:15 PM
40,1.00,07/19/2025 10:01:03 PM
-1,1.00,07/19/2025 09:50:15 PM
14,1.00,07/19/2025 09:40:01 PM
38,1.00,07/19/2025 09:30:48 PM
34,1.00,07/19/2025 09:20:33 PM
-1,1.00,07/19/2025 09:10:15 PM
41,1.00,07/19/2025 09:01:03 PM
31,1.00,07/19/2025 08:50:15 PM
-1,1.00,07/19/2025 08:40:01 PM
31,1.00,07/19/2025 08:30:48 PM
34,1.00,07/19/2025 08:20:33 PM
22,1.00,07/19/2025 08:10:15 PM
-1,1.00,07/19/2025 08:01:03 PM
41,1.00,07/19/2025 07:50:15 PM
18,1.00,07/19/2025 07:40:01 PM
30,1.00,07/19/2025 07:30:48 PM
40,1.00,07/19/2025 07:20:33 PM
17,1.00,07/19/2025 07:10:15 PM
38,1.00,07/19/2025 07:01:03 PM
-1,1.00,07/19/2025 06:50:15 PM
18,1.00,07/19/2025 06:40:01 PM
35,1.00,07/19/2025 06:30:48 PM
38,1.00,07/19/2025 06:20:33 PM
34,1.00,07/19/2025 06:10:15 PM
21,1.00,07/19/2025 06:01:04 PM
40,1.00,07/19/2025 05:50:16 PM
18,1.00,07/19/2025 05:40:01 PM
19,1.00,07/19/2025 05:30:48 PM
35,1.00,07/19/2025 05:20:34 PM
38,1.00,07/19/2025 05:10:16 PM
35,1.00,07/19/2025 05:01:03 PM
16,1.00,07/19/2025 04:50:16 PM
31,1.00,07/19/2025 04:40:01 PM
34,1.00,07/19/2025 04:30:49 PM
39,1.00,07/19/2025 04:20:34 PM
20,1.00,07/19/2025 04:10:16 PM
37,1.00,07/19/2025 04:01:03 PM
29,1.00,07/19/2025 03:50:16 PM
41,1.00,07/19/2025 03:40:01 PM
17,1.00,07/19/2025 03:30:48 PM
41,1.00,07/19/2025 03:20:34 PM
20,1.00,07/19/2025 03:10:16 PM
31,1.00,07/19/2025 03:01:03 PM
15,1.00,07/19/2025 02:50:16 PM
31,1.00,07/19/2025 02:40:01 PM
36,1.00,07/19/2025 02:30:48 PM
-1,1.00,07/19/2025 02:20:33 PM
40,1.00,07/19/2025 02:10:16 PM
18,1.00,07/19/2025 02:01:04 PM
37,1.00,07/19/2025 01:50:15 PM
36,1.00,07/19/2025 01:40:02 PM
-1,1.00,07/19/2025 01:30:48 PM
30,1.00,07/19/2025 01:20:34 PM
-1,1.00,07/19/2025 01:10:15 PM
-1,1.00,07/19/2025 01:01:03 PM
31,1.00,07/19/2025 12:50:16 PM
16,1.00,07/19/2025 12:40:02 PM
31,1.00,07/19/2025 12:30:48 PM
18,1.00,07/19/2025 12:20:34 PM
-1,1.00,07/19/2025 12:10:15 PM
32,1.00,07/19/2025 12:01:03 PM
23,1.00,07/19/2025 11:50:15 AM
38,1.00,07/19/2025 11:40:02 AM
-1,1.00,07/19/2025 11:30:48 AM
31,1.00,07/19/2025 11:20:34 AM
41,1.00,07/19/2025 11:10:15 AM
16,1.00,07/19/2025 11:01:03 AM
34,1.00,07/19/2025 10:50:15 AM
-1,1.00,07/19/2025 10:40:02 AM
18,1.00,07/19/2025 10:30:48 AM
29,1.00,07/19/2025 10:20:34 AM
17,1.00,07/19/2025 10:10:15 AM
33,1.00,07/19/2025 10:01:03 AM
-1,1.00,07/19/2025 09:50:15 AM
17,1.00,07/19/2025 09:40:01 AM
35,1.00,07/19/2025 09:30:48 AM
28,1.00,07/19/2025 09:20:33 AM
33,1.00,07/19/2025 09:10:15 AM
18,1.00,07/19/2025 09:01:03 AM
-1,1.00,07/19/2025 08:50:15 AM
31,1.00,07/19/2025 08:40:01 AM
35,1.00,07/19/2025 08:30:48 AM
25,1.00,07/19/2025 08:20:33 AM
-1,1.00,07/19/2025 08:10:15 AM
-1,1.00,07/19/2025 08:01:03 AM
30,1.00,07/19/2025 07:50:15 AM
31,1.00,07/19/2025 07:40:01 AM
30,1.00,07/19/2025 07:30:48 AM
23,1.00,07/19/2025 07:20:33 AM
-1,1.00,07/19/2025 07:10:15 AM
38,1.00,07/19/2025 07:01:02 AM
16,1.00,07/19/2025 06:50:15 AM
31,1.00,07/19/2025 06:40:01 AM
38,1.00,07/19/2025 06:30:48 AM
16,1.00,07/19/2025 06:20:33 AM
27,1.00,07/19/2025 06:10:15 AM
17,1.00,07/19/2025 06:01:02 AM
27,1.00,07/19/2025 05:50:14 AM
27,1.00,07/19/2025 05:40:01 AM
38,1.00,07/19/2025 05:30:48 AM
31,1.00,07/19/2025 05:20:32 AM
40,1.00,07/19/2025 05:10:14 AM
41,1.00,07/19/2025 05:01:02 AM
-1,1.00,07/19/2025 04:50:14 AM
-1,1.00,07/19/2025 04:40:00 AM
30,1.00,07/19/2025 04:30:48 AM
-1,1.00,07/19/2025 04:20:32 AM
-1,1.00,07/19/2025 04:10:14 AM
29,1.00,07/19/2025 04:01:03 AM
-1,1.00,07/19/2025 03:50:14 AM
-1,1.00,07/19/2025 03:40:00 AM
36,1.00,07/19/2025 03:30:48 AM
-1,1.00,07/19/2025 03:20:32 AM
-1,1.00,07/19/2025 03:10:14 AM
33,1.00,07/19/2025 03:01:03 AM
-1,1.00,07/19/2025 02:50:14 AM
16,1.00,07/19/2025 02:40:00 AM
38,1.00,07/19/2025 02:30:47 AM
39,1.00,07/19/2025 02:20:32 AM
-1,1.00,07/19/2025 02:10:14 AM
31,1.00,07/19/2025 02:01:03 AM
27,1.00,07/19/2025 01:50:14 AM
-1,1.00,07/19/2025 01:40:00 AM
-1,1.00,07/19/2025 01:30:47 AM
-1,1.00,07/19/2025 01:20:33 AM
37,1.00,07/19/2025 01:10:15 AM
-1,1.00,07/19/2025 01:01:03 AM
-1,1.00,07/19/2025 12:50:15 AM
-1,1.00,07/19/2025 12:40:00 AM
34,1.00,07/19/2025 12:30:48 AM
-1,1.00,07/19/2025 12:20:33 AM
-1,1.00,07/19/2025 12:10:15 AM
-1,1.00,07/19/2025 12:01:05 AM
-1,1.00,07/18/2025 11:50:15 PM
16,1.00,07/18/2025 11:40:00 PM
16,1.00,07/18/2025 11:30:48 PM
-1,1.00,07/18/2025 11:20:33 PM
41,1.00,07/18/2025 11:10:15 PM
28,1.00,07/18/2025 11:01:03 PM
28,1.00,07/18/2025 10:50:15 PM
-1,1.00,07/18/2025 10:40:01 PM
31,1.00,07/18/2025 10:30:48 PM
17,1.00,07/18/2025 10:20:33 PM
-1,1.00,07/18/2025 10:10:16 PM
31,1.00,07/18/2025 10:01:03 PM
27,1.00,07/18/2025 09:50:15 PM
18,1.00,07/18/2025 09:40:01 PM
32,1.00,07/18/2025 09:30:48 PM
-1,1.00,07/18/2025 09:20:33 PM
37,1.00,07/18/2025 09:10:16 PM
30,1.00,07/18/2025 09:01:03 PM
33,1.00,07/18/2025 08:50:15 PM
12,1.00,07/18/2025 08:40:01 PM
35,1.00,07/18/2025 08:30:49 PM
-1,1.00,07/18/2025 08:20:33 PM
32,1.00,07/18/2025 08:10:15 PM
34,1.00,07/18/2025 08:01:03 PM
41,1.00,07/18/2025 07:50:15 PM
17,1.00,07/18/2025 07:40:01 PM
31,1.00,07/18/2025 07:30:49 PM
29,1.00,07/18/2025 07:20:33 PM
31,1.00,07/18/2025 07:10:15 PM
35,1.00,07/18/2025 07:01:03 PM
35,1.00,07/18/2025 06:50:15 PM
33,1.00,07/18/2025 06:40:02 PM
39,1.00,07/18/2025 06:30:49 PM
-1,1.00,07/18/2025 06:20:34 PM
33,1.00,07/18/2025 06:10:15 PM
31,1.00,07/18/2025 06:01:03 PM
36,1.00,07/18/2025 05:50:16 PM
16,1.00,07/18/2025 05:40:02 PM
31,1.00,07/18/2025 05:30:49 PM
33,1.00,07/18/2025 05:20:35 PM
17,1.00,07/18/2025 05:10:15 PM
36,1.00,07/18/2025 05:01:04 PM
27,1.00,07/18/2025 04:50:15 PM
31,1.00,07/18/2025 04:40:01 PM
41,1.00,07/18/2025 04:30:49 PM
37,1.00,07/18/2025 04:20:35 PM
35,1.00,07/18/2025 04:10:16 PM
22,1.00,07/18/2025 04:01:04 PM
37,1.00,07/18/2025 03:50:15 PM
20,1.00,07/18/2025 03:40:01 PM
35,1.00,07/18/2025 03:30:49 PM
16,1.00,07/18/2025 03:20:35 PM
34,1.00,07/18/2025 03:10:16 PM
35,1.00,07/18/2025 03:01:04 PM
35,1.00,07/18/2025 02:50:16 PM
41,1.00,07/18/2025 02:40:02 PM
-1,1.00,07/18/2025 02:30:51 PM
16,1.00,07/18/2025 02:20:34 PM
41,1.00,07/18/2025 02:10:16 PM
36,1.00,07/18/2025 02:01:04 PM
-1,1.00,07/18/2025 01:50:16 PM
-1,1.00,07/18/2025 01:40:02 PM
18,1.00,07/18/2025 01:30:48 PM
-1,1.00,07/18/2025 01:20:34 PM
-1,1.00,07/18/2025 01:10:16 PM
37,1.00,07/18/2025 01:01:04 PM
32,1.00,07/18/2025 12:50:16 PM
-1,1.00,07/18/2025 12:40:02 PM
21,1.00,07/18/2025 12:30:48 PM
34,1.00,07/18/2025 12:20:34 PM
31,1.00,07/18/2025 12:10:15 PM
14,1.00,07/18/2025 12:01:03 PM
33,1.00,07/18/2025 11:50:16 AM
40,1.00,07/18/2025 11:40:02 AM
18,1.00,07/18/2025 11:30:48 AM
33,1.00,07/18/2025 11:20:34 AM
16,1.00,07/18/2025 11:10:16 AM
41,1.00,07/18/2025 11:01:03 AM
31,1.00,07/18/2025 10:50:16 AM
17,1.00,07/18/2025 10:40:02 AM
20,1.00,07/18/2025 10:30:48 AM
30,1.00,07/18/2025 10:20:34 AM
31,1.00,07/18/2025 10:10:16 AM
34,1.00,07/18/2025 10:01:05 AM
16,1.00,07/18/2025 09:50:16 AM
35,1.00,07/18/2025 09:40:02 AM
41,1.00,07/18/2025 09:30:48 AM
22,1.00,07/18/2025 09:20:34 AM
40,1.00,07/18/2025 09:10:16 AM
16,1.00,07/18/2025 09:01:04 AM
37,1.00,07/18/2025 08:50:16 AM
34,1.00,07/18/2025 08:40:02 AM
30,1.00,07/18/2025 08:30:48 AM
31,1.00,07/18/2025 08:20:34 AM
15,1.00,07/18/2025 08:10:16 AM
25,1.00,07/18/2025 08:01:04 AM
20,1.00,07/18/2025 07:50:16 AM
33,1.00,07/18/2025 07:40:02 AM
38,1.00,07/18/2025 07:30:48 AM
32,1.00,07/18/2025 07:20:34 AM
18,1.00,07/18/2025 07:10:16 AM
31,1.00,07/18/2025 07:01:03 AM
31,1.00,07/18/2025 06:50:16 AM
16,1.00,07/18/2025 06:40:01 AM
29,1.00,07/18/2025 06:30:49 AM
33,1.00,07/18/2025 06:20:33 AM
-1,1.00,07/18/2025 06:10:15 AM
20,1.00,07/18/2025 06:01:03 AM
-1,1.00,07/18/2025 05:50:15 AM
41,1.00,07/18/2025 05:40:01 AM
-1,1.00,07/18/2025 05:30:48 AM
17,1.00,07/18/2025 05:20:33 AM
-1,1.00,07/18/2025 05:10:15 AM
17,1.00,07/18/2025 05:01:02 AM
37,1.00,07/18/2025 04:50:15 AM
-1,1.00,07/18/2025 04:40:00 AM
31,1.00,07/18/2025 04:30:48 AM
-1,1.00,07/18/2025 04:20:32 AM
31,1.00,07/18/2025 04:10:14 AM
32,1.00,07/18/2025 04:01:02 AM
38,1.00,07/18/2025 03:50:14 AM
-1,1.00,07/18/2025 03:40:00 AM
26,1.00,07/18/2025 03:30:48 AM
-1,1.00,07/18/2025 03:20:32 AM
-1,1.00,07/18/2025 03:10:14 AM
18,1.00,07/18/2025 03:01:02 AM
-1,1.00,07/18/2025 02:50:14 AM
21,1.00,07/18/2025 02:40:00 AM
23,1.00,07/18/2025 02:30:47 AM
-1,1.00,07/18/2025 02:20:32 AM
-1,1.00,07/18/2025 02:10:14 AM
34,1.00,07/18/2025 02:01:02 AM
-1,1.00,07/18/2025 01:50:14 AM
-1,1.00,07/18/2025 01:40:00 AM
30,1.00,07/18/2025 01:30:48 AM
27,1.00,07/18/2025 01:20:33 AM
38,1.00,07/18/2025 01:10:15 AM
-1,1.00,07/18/2025 01:01:03 AM
40,1.00,07/18/2025 12:50:14 AM
-1,1.00,07/18/2025 12:40:00 AM
-1,1.00,07/18/2025 12:30:48 AM
31,1.00,07/18/2025 12:20:33 AM
-1,1.00,07/18/2025 12:10:15 AM
32,1.00,07/18/2025 12:01:03 AM
-1,1.00,07/17/2025 11:50:14 PM
40,1.00,07/17/2025 11:40:00 PM
41,1.00,07/17/2025 11:30:48 PM
-1,1.00,07/17/2025 11:20:33 PM
-1,1.00,07/17/2025 11:10:15 PM
17,1.00,07/17/2025 11:01:03 PM
-1,1.00,07/17/2025 10:50:14 PM
28,1.00,07/17/2025 10:40:00 PM
31,1.00,07/17/2025 10:30:48 PM
-1,1.00,07/17/2025 10:20:34 PM
33,1.00,07/17/2025 10:10:16 PM
29,1.00,07/17/2025 10:01:03 PM
28,1.00,07/17/2025 09:50:16 PM
18,1.00,07/17/2025 09:40:01 PM
19,1.00,07/17/2025 09:30:48 PM
-1,1.00,07/17/2025 09:20:34 PM
18,1.00,07/17/2025 09:10:15 PM
-1,1.00,07/17/2025 09:01:03 PM
14,1.00,07/17/2025 08:50:16 PM
33,1.00,07/17/2025 08:40:02 PM
38,1.00,07/17/2025 08:30:48 PM
-1,1.00,07/17/2025 08:20:34 PM
33,1.00,07/17/2025 08:10:15 PM
33,1.00,07/17/2025 08:01:03 PM
-1,1.00,07/17/2025 07:50:16 PM
33,1.00,07/17/2025 07:40:02 PM
39,1.00,07/17/2025 07:30:48 PM
32,1.00,07/17/2025 07:20:34 PM
22,1.00,07/17/2025 07:10:16 PM
17,1.00,07/17/2025 07:01:03 PM
35,1.00,07/17/2025 06:50:16 PM
34,1.00,07/17/2025 06:40:02 PM
38,1.00,07/17/2025 06:30:48 PM
30,1.00,07/17/2025 06:20:35 PM
41,1.00,07/17/2025 06:10:18 PM
28,1.00,07/17/2025 06:01:04 PM
24,1.00,07/17/2025 05:50:16 PM
40,1.00,07/17/2025 05:40:02 PM
-1,1.00,07/17/2025 05:30:48 PM
29,1.00,07/17/2025 05:20:34 PM
32,1.00,07/17/2025 05:10:16 PM
-1,1.00,07/17/2025 05:01:05 PM
25,1.00,07/17/2025 04:50:16 PM
18,1.00,07/17/2025 04:40:02 PM
40,1.00,07/17/2025 04:30:49 PM
22,1.00,07/17/2025 04:20:34 PM
34,1.00,07/17/2025 04:10:16 PM
34,1.00,07/17/2025 04:01:04 PM
27,1.00,07/17/2025 03:50:18 PM
37,1.00,07/17/2025 03:40:02 PM
18,1.00,07/17/2025 03:30:48 PM
41,1.00,07/17/2025 03:20:34 PM
36,1.00,07/17/2025 03:10:16 PM
13,1.00,07/17/2025 03:01:04 PM
31,1.00,07/17/2025 02:50:16 PM
35,1.00,07/17/2025 02:40:02 PM
-1,1.00,07/17/2025 02:30:48 PM
17,1.00,07/17/2025 02:20:34 PM
29,1.00,07/17/2025 02:10:15 PM
14,1.00,07/17/2025 02:01:03 PM
35,1.00,07/17/2025 01:50:15 PM
18,1.00,07/17/2025 01:40:01 PM
29,1.00,07/17/2025 01:30:49 PM
-1,1.00,07/17/2025 01:20:33 PM
40,1.00,07/17/2025 01:10:16 PM
-1,1.00,07/17/2025 01:01:03 PM
18,1.00,07/17/2025 12:50:15 PM
-1,1.00,07/17/2025 12:40:01 PM
33,1.00,07/17/2025 12:30:49 PM
29,1.00,07/17/2025 12:20:34 PM
-1,1.00,07/17/2025 12:10:15 PM
36,1.00,07/17/2025 12:01:03 PM
18,1.00,07/17/2025 11:50:15 AM
41,1.00,07/17/2025 11:40:01 AM
29,1.00,07/17/2025 11:30:49 AM
32,1.00,07/17/2025 11:20:33 AM
31,1.00,07/17/2025 11:10:15 AM
41,1.00,07/17/2025 11:01:03 AM
36,1.00,07/17/2025 10:50:15 AM
15,1.00,07/17/2025 10:40:01 AM
38,1.00,07/17/2025 10:30:49 AM
31,1.00,07/17/2025 10:20:34 AM
-1,1.00,07/17/2025 10:10:15 AM
29,1.00,07/17/2025 10:01:03 AM
41,1.00,07/17/2025 09:50:15 AM
31,1.00,07/17/2025 09:40:01 AM
32,1.00,07/17/2025 09:30:49 AM
29,1.00,07/17/2025 09:20:34 AM
31,1.00,07/17/2025 09:10:15 AM
16,1.00,07/17/2025 09:01:04 AM
31,1.00,07/17/2025 08:50:16 AM
30,1.00,07/17/2025 08:40:02 AM
34,1.00,07/17/2025 08:30:49 AM
30,1.00,07/17/2025 08:20:35 AM
20,1.00,07/17/2025 08:10:15 AM
31,1.00,07/17/2025 08:01:05 AM
20,1.00,07/17/2025 07:50:16 AM
29,1.00,07/17/2025 07:40:02 AM
26,1.00,07/17/2025 07:30:49 AM
31,1.00,07/17/2025 07:20:34 AM
18,1.00,07/17/2025 07:10:15 AM
33,1.00,07/17/2025 07:01:04 AM
35,1.00,07/17/2025 06:50:15 AM
16,1.00,07/17/2025 06:40:02 AM
-1,1.00,07/17/2025 06:30:48 AM
16,1.00,07/17/2025 06:20:34 AM
31,1.00,07/17/2025 06:10:16 AM
40,1.00,07/17/2025 06:01:03 AM
-1,1.00,07/17/2025 05:50:15 AM
-1,1.00,07/17/2025 05:40:01 AM
-1,1.00,07/17/2025 05:30:48 AM
21,1.00,07/17/2025 05:20:33 AM
33,1.00,07/17/2025 05:10:15 AM
17,1.00,07/17/2025 05:01:03 AM
-1,1.00,07/17/2025 04:50:14 AM
-1,1.00,07/17/2025 04:40:01 AM
23,1.00,07/17/2025 04:30:47 AM
-1,1.00,07/17/2025 04:20:33 AM
-1,1.00,07/17/2025 04:10:15 AM
35,1.00,07/17/2025 04:01:03 AM
-1,1.00,07/17/2025 03:50:14 AM
-1,1.00,07/17/2025 03:40:01 AM
16,1.00,07/17/2025 03:30:47 AM
-1,1.00,07/17/2025 03:20:33 AM
-1,1.00,07/17/2025 03:10:15 AM
30,1.00,07/17/2025 03:01:02 AM
-1,1.00,07/17/2025 02:50:15 AM
-1,1.00,07/17/2025 02:40:01 AM
36,1.00,07/17/2025 02:30:48 AM
17,1.00,07/17/2025 02:20:32 AM
-1,1.00,07/17/2025 02:10:15 AM
33,1.00,07/17/2025 02:01:02 AM
-1,1.00,07/17/2025 01:50:15 AM
-1,1.00,07/17/2025 01:40:01 AM
33,1.00,07/17/2025 01:30:48 AM
-1,1.00,07/17/2025 01:20:32 AM
37,1.00,07/17/2025 01:10:15 AM
-1,1.00,07/17/2025 01:01:03 AM
35,1.00,07/17/2025 12:50:15 AM
-1,1.00,07/17/2025 12:40:01 AM
-1,1.00,07/17/2025 12:30:48 AM
28,1.00,07/17/2025 12:20:33 AM
16,1.00,07/17/2025 12:10:15 AM
31,1.00,07/17/2025 12:01:05 AM
37,1.00,07/16/2025 11:50:15 PM
31,1.00,07/16/2025 11:40:01 PM
40,1.00,07/16/2025 11:30:48 PM
36,1.00,07/16/2025 11:20:33 PM
16,1.00,07/16/2025 11:10:15 PM
16,1.00,07/16/2025 11:01:02 PM
-1,1.00,07/16/2025 10:50:15 PM
20,1.00,07/16/2025 10:40:01 PM
20,1.00,07/16/2025 10:30:48 PM
39,1.00,07/16/2025 10:20:33 PM
-1,1.00,07/16/2025 10:10:15 PM
15,1.00,07/16/2025 10:01:03 PM
-1,1.00,07/16/2025 09:50:15 PM
20,1.00,07/16/2025 09:40:01 PM
-1,1.00,07/16/2025 09:30:48 PM
34,1.00,07/16/2025 09:20:33 PM
-1,1.00,07/16/2025 09:10:15 PM
37,1.00,07/16/2025 09:01:04 PM
30,1.00,07/16/2025 08:50:15 PM
28,1.00,07/16/2025 08:40:01 PM
31,1.00,07/16/2025 08:30:48 PM
18,1.00,07/16/2025 08:20:34 PM
29,1.00,07/16/2025 08:10:16 PM
33,1.00,07/16/2025 08:01:04 PM
19,1.00,07/16/2025 07:50:15 PM
31,1.00,07/16/2025 07:40:01 PM
38,1.00,07/16/2025 07:30:48 PM
35,1.00,07/16/2025 07:20:35 PM
41,1.00,07/16/2025 07:10:16 PM
33,1.00,07/16/2025 07:01:04 PM
18,1.00,07/16/2025 06:50:15 PM
18,1.00,07/16/2025 06:40:01 PM
35,1.00,07/16/2025 06:30:49 PM
33,1.00,07/16/2025 06:20:35 PM
32,1.00,07/16/2025 06:10:16 PM
29,1.00,07/16/2025 06:01:04 PM
17,1.00,07/16/2025 05:50:16 PM
18,1.00,07/16/2025 05:40:01 PM
37,1.00,07/16/2025 05:30:48 PM
41,1.00,07/16/2025 05:20:36 PM
29,1.00,07/16/2025 05:10:16 PM
41,1.00,07/16/2025 05:01:04 PM
41,1.00,07/16/2025 04:50:16 PM
27,1.00,07/16/2025 04:40:02 PM
28,1.00,07/16/2025 04:30:49 PM
-1,1.00,07/16/2025 04:20:35 PM
34,1.00,07/16/2025 04:10:16 PM
27,1.00,07/16/2025 04:01:04 PM
31,1.00,07/16/2025 03:50:15 PM
25,1.00,07/16/2025 03:40:02 PM
27,1.00,07/16/2025 03:30:48 PM
17,1.00,07/16/2025 03:20:34 PM
29,1.00,07/16/2025 03:10:16 PM
16,1.00,07/16/2025 03:01:04 PM
35,1.00,07/16/2025 02:50:15 PM
18,1.00,07/16/2025 02:40:02 PM
33,1.00,07/16/2025 02:30:48 PM
19,1.00,07/16/2025 02:20:34 PM
40,1.00,07/16/2025 02:10:16 PM
18,1.00,07/16/2025 02:01:06 PM
38,1.00,07/16/2025 01:50:16 PM
-1,1.00,07/16/2025 01:40:02 PM
16,1.00,07/16/2025 01:30:49 PM
18,1.00,07/16/2025 01:20:34 PM
-1,1.00,07/16/2025 01:10:16 PM
38,1.00,07/16/2025 01:01:03 PM
31,1.00,07/16/2025 12:50:16 PM
16,1.00,07/16/2025 12:40:02 PM
32,1.00,07/16/2025 12:30:49 PM
30,1.00,07/16/2025 12:20:33 PM
37,1.00,07/16/2025 12:10:15 PM
35,1.00,07/16/2025 12:01:03 PM
18,1.00,07/16/2025 11:50:16 AM
37,1.00,07/16/2025 11:40:01 AM
31,1.00,07/16/2025 11:30:49 AM
29,1.00,07/16/2025 11:20:34 AM
-1,1.00,07/16/2025 11:10:15 AM
40,1.00,07/16/2025 11:01:03 AM
40,1.00,07/16/2025 10:50:16 AM
15,1.00,07/16/2025 10:40:01 AM
24,1.00,07/16/2025 10:30:49 AM
35,1.00,07/16/2025 10:20:33 AM
33,1.00,07/16/2025 10:10:15 AM
40,1.00,07/16/2025 10:01:03 AM
18,1.00,07/16/2025 09:50:16 AM
36,1.00,07/16/2025 09:40:02 AM
33,1.00,07/16/2025 09:30:49 AM
38,1.00,07/16/2025 09:20:34 AM
39,1.00,07/16/2025 09:10:18 AM
31,1.00,07/16/2025 09:01:03 AM
35,1.00,07/16/2025 08:50:16 AM
16,1.00,07/16/2025 08:40:02 AM
41,1.00,07/16/2025 08:30:49 AM
39,1.00,07/16/2025 08:20:34 AM
35,1.00,07/16/2025 08:10:16 AM
19,1.00,07/16/2025 08:01:04 AM
17,1.00,07/16/2025 07:50:16 AM
19,1.00,07/16/2025 07:40:01 AM
22,1.00,07/16/2025 07:30:48 AM
25,1.00,07/16/2025 07:20:35 AM
41,1.00,07/16/2025 07:10:16 AM
16,1.00,07/16/2025 07:01:04 AM
33,1.00,07/16/2025 06:50:15 AM
17,1.00,07/16/2025 06:40:01 AM
-1,1.00,07/16/2025 06:30:48 AM
33,1.00,07/16/2025 06:20:34 AM
-1,1.00,07/16/2025 06:10:15 AM
18,1.00,07/16/2025 06:01:04 AM
-1,1.00,07/16/2025 05:50:15 AM
31,1.00,07/16/2025 05:40:01 AM
-1,1.00,07/16/2025 05:30:48 AM
28,1.00,07/16/2025 05:20:33 AM
-1,1.00,07/16/2025 05:10:15 AM
17,1.00,07/16/2025 05:01:03 AM
-1,1.00,07/16/2025 04:50:14 AM
-1,1.00,07/16/2025 04:40:01 AM
22,1.00,07/16/2025 04:30:48 AM
-1,1.00,07/16/2025 04:20:33 AM
17,1.00,07/16/2025 04:10:14 AM
36,1.00,07/16/2025 04:01:02 AM
-1,1.00,07/16/2025 03:50:14 AM
-1,1.00,07/16/2025 03:40:01 AM
29,1.00,07/16/2025 03:30:48 AM
-1,1.00,07/16/2025 03:20:32 AM
-1,1.00,07/16/2025 03:10:14 AM
16,1.00,07/16/2025 03:01:02 AM
-1,1.00,07/16/2025 02:50:15 AM
27,1.00,07/16/2025 02:40:00 AM
-1,1.00,07/16/2025 02:30:47 AM
18,1.00,07/16/2025 02:20:32 AM
-1,1.00,07/16/2025 02:10:14 AM
40,1.00,07/16/2025 02:01:02 AM
-1,1.00,07/16/2025 01:50:15 AM
-1,1.00,07/16/2025 01:40:01 AM
-1,1.00,07/16/2025 01:30:48 AM
-1,1.00,07/16/2025 01:20:33 AM
41,1.00,07/16/2025 01:10:14 AM
-1,1.00,07/16/2025 01:01:02 AM
39,1.00,07/16/2025 12:50:15 AM
-1,1.00,07/16/2025 12:40:01 AM
16,1.00,07/16/2025 12:30:48 AM
-1,1.00,07/16/2025 12:20:33 AM
39,1.00,07/16/2025 12:10:14 AM
31,1.00,07/16/2025 12:01:02 AM
29,1.00,07/15/2025 11:50:15 PM
18,1.00,07/15/2025 11:40:01 PM
18,1.00,07/15/2025 11:30:48 PM
41,1.00,07/15/2025 11:20:33 PM
-1,1.00,07/15/2025 11:10:14 PM
19,1.00,07/15/2025 11:01:03 PM
-1,1.00,07/15/2025 10:50:15 PM
41,1.00,07/15/2025 10:40:01 PM
36,1.00,07/15/2025 10:30:48 PM
27,1.00,07/15/2025 10:20:33 PM
16,1.00,07/15/2025 10:10:15 PM
22,1.00,07/15/2025 10:01:03 PM
-1,1.00,07/15/2025 09:50:15 PM
30,1.00,07/15/2025 09:40:01 PM
22,1.00,07/15/2025 09:30:48 PM
18,1.00,07/15/2025 09:20:33 PM
-1,1.00,07/15/2025 09:10:15 PM
35,1.00,07/15/2025 09:01:03 PM
41,1.00,07/15/2025 08:50:15 PM
35,1.00,07/15/2025 08:40:01 PM
25,1.00,07/15/2025 08:30:48 PM
31,1.00,07/15/2025 08:20:33 PM
-1,1.00,07/15/2025 08:10:16 PM
41,1.00,07/15/2025 08:01:04 PM
41,1.00,07/15/2025 07:50:15 PM
35,1.00,07/15/2025 07:40:01 PM
41,1.00,07/15/2025 07:30:48 PM
30,1.00,07/15/2025 07:20:33 PM
39,1.00,07/15/2025 07:10:16 PM
40,1.00,07/15/2025 07:01:04 PM
38,1.00,07/15/2025 06:50:15 PM
38,1.00,07/15/2025 06:40:01 PM
38,1.00,07/15/2025 06:30:49 PM
34,1.00,07/15/2025 06:20:33 PM
34,1.00,07/15/2025 06:10:16 PM
20,1.00,07/15/2025 06:01:04 PM
35,1.00,07/15/2025 05:50:15 PM
41,1.00,07/15/2025 05:40:02 PM
19,1.00,07/15/2025 05:30:49 PM
39,1.00,07/15/2025 05:20:33 PM
29,1.00,07/15/2025 05:10:16 PM
40,1.00,07/15/2025 05:01:04 PM
35,1.00,07/15/2025 04:50:15 PM
29,1.00,07/15/2025 04:40:01 PM
34,1.00,07/15/2025 04:30:49 PM
36,1.00,07/15/2025 04:20:34 PM
32,1.00,07/15/2025 04:10:16 PM
35,1.00,07/15/2025 04:01:04 PM
21,1.00,07/15/2025 03:50:15 PM
33,1.00,07/15/2025 03:40:01 PM
18,1.00,07/15/2025 03:30:48 PM
40,1.00,07/15/2025 03:20:34 PM
33,1.00,07/15/2025 03:10:16 PM
29,1.00,07/15/2025 03:01:04 PM
29,1.00,07/15/2025 02:50:16 PM
14,1.00,07/15/2025 02:40:01 PM
39,1.00,07/15/2025 02:30:48 PM
39,1.00,07/15/2025 02:20:34 PM
33,1.00,07/15/2025 02:10:16 PM
16,1.00,07/15/2025 02:01:04 PM
41,1.00,07/15/2025 01:50:16 PM
26,1.00,07/15/2025 01:40:01 PM
-1,1.00,07/15/2025 01:30:48 PM
21,1.00,07/15/2025 01:20:34 PM
39,1.00,07/15/2025 01:10:16 PM
-1,1.00,07/15/2025 01:01:03 PM
22,1.00,07/15/2025 12:50:16 PM
31,1.00,07/15/2025 12:40:01 PM
-1,1.00,07/15/2025 12:30:48 PM
32,1.00,07/15/2025 12:20:34 PM
31,1.00,07/15/2025 12:10:15 PM
-1,1.00,07/15/2025 12:01:03 PM
18,1.00,07/15/2025 11:50:16 AM
35,1.00,07/15/2025 11:40:01 AM
31,1.00,07/15/2025 11:30:48 AM
36,1.00,07/15/2025 11:20:34 AM
33,1.00,07/15/2025 11:10:15 AM
15,1.00,07/15/2025 11:01:03 AM
31,1.00,07/15/2025 10:50:16 AM
32,1.00,07/15/2025 10:40:01 AM
18,1.00,07/15/2025 10:30:48 AM
36,1.00,07/15/2025 10:20:34 AM
37,1.00,07/15/2025 10:10:16 AM
18,1.00,07/15/2025 10:01:04 AM
40,1.00,07/15/2025 09:50:16 AM
16,1.00,07/15/2025 09:40:02 AM
18,1.00,07/15/2025 09:30:49 AM
37,1.00,07/15/2025 09:20:34 AM
-1,1.00,07/15/2025 09:10:16 AM
35,1.00,07/15/2025 09:01:04 AM
16,1.00,07/15/2025 08:50:17 AM
31,1.00,07/15/2025 08:40:02 AM
33,1.00,07/15/2025 08:30:49 AM
33,1.00,07/15/2025 08:20:36 AM
19,1.00,07/15/2025 08:10:16 AM
24,1.00,07/15/2025 08:01:04 AM
33,1.00,07/15/2025 07:50:16 AM
41,1.00,07/15/2025 07:40:02 AM
31,1.00,07/15/2025 07:30:49 AM
31,1.00,07/15/2025 07:20:34 AM
33,1.00,07/15/2025 07:10:16 AM
27,1.00,07/15/2025 07:01:04 AM
31,1.00,07/15/2025 06:50:16 AM
15,1.00,07/15/2025 06:40:02 AM
-1,1.00,07/15/2025 06:30:49 AM
30,1.00,07/15/2025 06:20:34 AM
-1,1.00,07/15/2025 06:10:15 AM
17,1.00,07/15/2025 06:01:03 AM
31,1.00,07/15/2025 05:50:15 AM
37,1.00,07/15/2025 05:40:01 AM
-1,1.00,07/15/2025 05:30:48 AM
32,1.00,07/15/2025 05:20:33 AM
-1,1.00,07/15/2025 05:10:15 AM
17,1.00,07/15/2025 05:01:02 AM
-1,1.00,07/15/2025 04:50:15 AM
14,1.00,07/15/2025 04:40:01 AM
25,1.00,07/15/2025 04:30:48 AM
-1,1.00,07/15/2025 04:20:32 AM
16,1.00,07/15/2025 04:10:14 AM
-1,1.00,07/15/2025 04:01:02 AM
-1,1.00,07/15/2025 03:50:14 AM
-1,1.00,07/15/2025 03:40:00 AM
15,1.00,07/15/2025 03:30:47 AM
23,1.00,07/15/2025 03:20:32 AM
-1,1.00,07/15/2025 03:10:14 AM
31,1.00,07/15/2025 03:01:02 AM
-1,1.00,07/15/2025 02:50:14 AM
17,1.00,07/15/2025 02:40:00 AM
25,1.00,07/15/2025 02:30:47 AM
22,1.00,07/15/2025 02:20:32 AM
-1,1.00,07/15/2025 02:10:14 AM
-1,1.00,07/15/2025 02:01:02 AM
31,1.00,07/15/2025 01:50:14 AM
16,1.00,07/15/2025 01:40:00 AM
31,1.00,07/15/2025 01:30:47 AM
-1,1.00,07/15/2025 01:20:32 AM
36,1.00,07/15/2025 01:10:14 AM
-1,1.00,07/15/2025 01:01:02 AM
20,1.00,07/15/2025 12:50:14 AM
-1,1.00,07/15/2025 12:40:00 AM
31,1.00,07/15/2025 12:30:47 AM
32,1.00,07/15/2025 12:20:32 AM
-1,1.00,07/15/2025 12:10:15 AM
18,1.00,07/15/2025 12:01:03 AM
27,1.00,07/14/2025 11:50:14 PM
-1,1.00,07/14/2025 11:40:01 PM
-1,1.00,07/14/2025 11:30:48 PM
39,1.00,07/14/2025 11:20:32 PM
31,1.00,07/14/2025 11:10:15 PM
18,1.00,07/14/2025 11:01:03 PM
-1,1.00,07/14/2025 10:50:15 PM
31,1.00,07/14/2025 10:40:01 PM
18,1.00,07/14/2025 10:30:48 PM
-1,1.00,07/14/2025 10:20:33 PM
28,1.00,07/14/2025 10:10:15 PM
20,1.00,07/14/2025 10:01:04 PM
-1,1.00,07/14/2025 09:50:14 PM
30,1.00,07/14/2025 09:40:01 PM
41,1.00,07/14/2025 09:30:48 PM
-1,1.00,07/14/2025 09:20:33 PM
27,1.00,07/14/2025 09:10:15 PM
31,1.00,07/14/2025 09:01:03 PM
27,1.00,07/14/2025 08:50:15 PM
33,1.00,07/14/2025 08:40:01 PM
24,1.00,07/14/2025 08:30:48 PM
33,1.00,07/14/2025 08:20:34 PM
35,1.00,07/14/2025 08:10:16 PM
17,1.00,07/14/2025 08:01:03 PM
34,1.00,07/14/2025 07:50:16 PM
41,1.00,07/14/2025 07:40:02 PM
27,1.00,07/14/2025 07:30:48 PM
18,1.00,07/14/2025 07:20:34 PM
35,1.00,07/14/2025 07:10:16 PM
35,1.00,07/14/2025 07:01:04 PM
31,1.00,07/14/2025 06:50:16 PM
17,1.00,07/14/2025 06:40:01 PM
31,1.00,07/14/2025 06:30:48 PM
31,1.00,07/14/2025 06:20:34 PM
38,1.00,07/14/2025 06:10:16 PM
35,1.00,07/14/2025 06:01:04 PM
17,1.00,07/14/2025 05:50:16 PM
33,1.00,07/14/2025 05:40:01 PM
14,1.00,07/14/2025 05:30:48 PM
31,1.00,07/14/2025 05:20:34 PM
27,1.00,07/14/2025 05:10:16 PM
40,1.00,07/14/2025 05:01:04 PM
31,1.00,07/14/2025 04:50:16 PM
31,1.00,07/14/2025 04:40:01 PM
-1,1.00,07/14/2025 04:30:49 PM
18,1.00,07/14/2025 04:20:36 PM
31,1.00,07/14/2025 04:10:16 PM
31,1.00,07/14/2025 04:01:04 PM
29,1.00,07/14/2025 03:50:16 PM
33,1.00,07/14/2025 03:40:01 PM
38,1.00,07/14/2025 03:30:49 PM
-1,1.00,07/14/2025 03:20:34 PM
35,1.00,07/14/2025 03:10:16 PM
41,1.00,07/14/2025 03:01:04 PM
21,1.00,07/14/2025 02:50:16 PM
32,1.00,07/14/2025 02:40:02 PM
18,1.00,07/14/2025 02:30:49 PM
16,1.00,07/14/2025 02:20:34 PM
33,1.00,07/14/2025 02:10:16 PM
-1,1.00,07/14/2025 02:01:03 PM
36,1.00,07/14/2025 01:50:16 PM
-1,1.00,07/14/2025 01:40:02 PM
31,1.00,07/14/2025 01:30:49 PM
32,1.00,07/14/2025 01:20:34 PM
33,1.00,07/14/2025 01:10:15 PM
38,1.00,07/14/2025 01:01:03 PM
32,1.00,07/14/2025 12:50:15 PM
26,1.00,07/14/2025 12:40:02 PM
33,1.00,07/14/2025 12:30:49 PM
27,1.00,07/14/2025 12:20:34 PM
14,1.00,07/14/2025 12:10:15 PM
16,1.00,07/14/2025 12:01:03 PM
24,1.00,07/14/2025 11:50:15 AM
35,1.00,07/14/2025 11:40:02 AM
25,1.00,07/14/2025 11:30:49 AM
27,1.00,07/14/2025 11:20:34 AM
39,1.00,07/14/2025 11:10:15 AM
-1,1.00,07/14/2025 11:01:03 AM
13,1.00,07/14/2025 10:50:15 AM
41,1.00,07/14/2025 10:40:02 AM
32,1.00,07/14/2025 10:30:49 AM
35,1.00,07/14/2025 10:20:34 AM
38,1.00,07/14/2025 10:10:15 AM
31,1.00,07/14/2025 10:01:03 AM
39,1.00,07/14/2025 09:50:16 AM
23,1.00,07/14/2025 09:40:03 AM
31,1.00,07/14/2025 09:30:49 AM
33,1.00,07/14/2025 09:20:34 AM
27,1.00,07/14/2025 09:10:15 AM
31,1.00,07/14/2025 09:01:04 AM
27,1.00,07/14/2025 08:50:16 AM
-1,1.00,07/14/2025 08:40:02 AM
41,1.00,07/14/2025 08:30:49 AM
31,1.00,07/14/2025 08:20:34 AM
16,1.00,07/14/2025 08:10:16 AM
31,1.00,07/14/2025 08:01:03 AM
33,1.00,07/14/2025 07:50:16 AM
39,1.00,07/14/2025 07:40:02 AM
35,1.00,07/14/2025 07:30:49 AM
28,1.00,07/14/2025 07:20:34 AM
20,1.00,07/14/2025 07:10:16 AM
27,1.00,07/14/2025 07:01:03 AM
32,1.00,07/14/2025 06:50:15 AM
41,1.00,07/14/2025 06:40:02 AM
-1,1.00,07/14/2025 06:30:48 AM
31,1.00,07/14/2025 06:20:34 AM
-1,1.00,07/14/2025 06:10:15 AM
32,1.00,07/14/2025 06:01:04 AM
-1,1.00,07/14/2025 05:50:15 AM
31,1.00,07/14/2025 05:40:01 AM
-1,1.00,07/14/2025 05:30:48 AM
41,1.00,07/14/2025 05:20:33 AM
18,1.00,07/14/2025 05:10:14 AM
38,1.00,07/14/2025 05:01:03 AM
-1,1.00,07/14/2025 04:50:14 AM
-1,1.00,07/14/2025 04:40:01 AM
27,1.00,07/14/2025 04:30:47 AM
-1,1.00,07/14/2025 04:20:32 AM
18,1.00,07/14/2025 04:10:14 AM
-1,1.00,07/14/2025 04:01:03 AM
-1,1.00,07/14/2025 03:50:14 AM
18,1.00,07/14/2025 03:40:00 AM
28,1.00,07/14/2025 03:30:47 AM
-1,1.00,07/14/2025 03:20:32 AM
-1,1.00,07/14/2025 03:10:15 AM
28,1.00,07/14/2025 03:01:03 AM
-1,1.00,07/14/2025 02:50:14 AM
-1,1.00,07/14/2025 02:40:00 AM
-1,1.00,07/14/2025 02:30:47 AM
29,1.00,07/14/2025 02:20:32 AM
-1,1.00,07/14/2025 02:10:15 AM
18,1.00,07/14/2025 02:01:02 AM
-1,1.00,07/14/2025 01:50:14 AM
-1,1.00,07/14/2025 01:40:00 AM
-1,1.00,07/14/2025 01:30:47 AM
30,1.00,07/14/2025 01:20:32 AM
31,1.00,07/14/2025 01:10:15 AM
-1,1.00,07/14/2025 01:01:03 AM
18,1.00,07/14/2025 12:50:15 AM
-1,1.00,07/14/2025 12:40:00 AM
41,1.00,07/14/2025 12:30:47 AM
31,1.00,07/14/2025 12:20:33 AM
35,1.00,07/14/2025 12:10:15 AM
24,1.00,07/14/2025 12:01:04 AM
-1,1.00,07/13/2025 11:50:15 PM
39,1.00,07/13/2025 11:40:00 PM
41,1.00,07/13/2025 11:30:47 PM
31,1.00,07/13/2025 11:20:33 PM
25,1.00,07/13/2025 11:10:15 PM
16,1.00,07/13/2025 11:01:03 PM
-1,1.00,07/13/2025 10:50:15 PM
39,1.00,07/13/2025 10:40:00 PM
-1,1.00,07/13/2025 10:30:48 PM
35,1.00,07/13/2025 10:20:33 PM
-1,1.00,07/13/2025 10:10:15 PM
-1,1.00,07/13/2025 10:01:03 PM
40,1.00,07/13/2025 09:50:15 PM
31,1.00,07/13/2025 09:40:01 PM
-1,1.00,07/13/2025 09:30:48 PM
33,1.00,07/13/2025 09:20:34 PM
31,1.00,07/13/2025 09:10:15 PM
38,1.00,07/13/2025 09:01:03 PM
-1,1.00,07/13/2025 08:50:15 PM
29,1.00,07/13/2025 08:40:01 PM
-1,1.00,07/13/2025 08:30:48 PM
29,1.00,07/13/2025 08:20:33 PM
37,1.00,07/13/2025 08:10:15 PM
-1,1.00,07/13/2025 08:01:03 PM
41,1.00,07/13/2025 07:50:15 PM
40,1.00,07/13/2025 07:40:01 PM
17,1.00,07/13/2025 07:30:48 PM
30,1.00,07/13/2025 07:20:33 PM
-1,1.00,07/13/2025 07:10:15 PM
-1,1.00,07/13/2025 07:01:03 PM
18,1.00,07/13/2025 06:50:15 PM
37,1.00,07/13/2025 06:40:01 PM
35,1.00,07/13/2025 06:30:48 PM
17,1.00,07/13/2025 06:20:33 PM
31,1.00,07/13/2025 06:10:15 PM
-1,1.00,07/13/2025 06:01:03 PM
36,1.00,07/13/2025 05:50:15 PM
30,1.00,07/13/2025 05:40:01 PM
33,1.00,07/13/2025 05:30:48 PM
37,1.00,07/13/2025 05:20:33 PM
33,1.00,07/13/2025 05:10:15 PM
20,1.00,07/13/2025 05:01:03 PM
40,1.00,07/13/2025 04:50:15 PM
26,1.00,07/13/2025 04:40:01 PM
-1,1.00,07/13/2025 04:30:49 PM
-1,1.00,07/13/2025 04:20:33 PM
16,1.00,07/13/2025 04:10:15 PM
-1,1.00,07/13/2025 04:01:03 PM
36,1.00,07/13/2025 03:50:15 PM
41,1.00,07/13/2025 03:40:01 PM
32,1.00,07/13/2025 03:30:48 PM
-1,1.00,07/13/2025 03:20:33 PM
25,1.00,07/13/2025 03:10:15 PM
25,1.00,07/13/2025 03:01:03 PM
38,1.00,07/13/2025 02:50:15 PM
-1,1.00,07/13/2025 02:40:01 PM
41,1.00,07/13/2025 02:30:48 PM
32,1.00,07/13/2025 02:20:33 PM
28,1.00,07/13/2025 02:10:15 PM
-1,1.00,07/13/2025 02:01:03 PM
14,1.00,07/13/2025 01:50:15 PM
38,1.00,07/13/2025 01:40:01 PM
-1,1.00,07/13/2025 01:30:48 PM
35,1.00,07/13/2025 01:20:33 PM
35,1.00,07/13/2025 01:10:15 PM
38,1.00,07/13/2025 01:01:03 PM
-1,1.00,07/13/2025 12:50:15 PM
15,1.00,07/13/2025 12:40:01 PM
39,1.00,07/13/2025 12:30:48 PM
39,1.00,07/13/2025 12:20:33 PM
35,1.00,07/13/2025 12:10:15 PM
19,1.00,07/13/2025 12:01:03 PM
-1,1.00,07/13/2025 11:50:15 AM
18,1.00,07/13/2025 11:40:01 AM
38,1.00,07/13/2025 11:30:48 AM
-1,1.00,07/13/2025 11:20:33 AM
18,1.00,07/13/2025 11:10:15 AM
37,1.00,07/13/2025 11:01:03 AM
31,1.00,07/13/2025 10:50:15 AM
31,1.00,07/13/2025 10:40:01 AM
-1,1.00,07/13/2025 10:30:48 AM
39,1.00,07/13/2025 10:20:33 AM
38,1.00,07/13/2025 10:10:15 AM
37,1.00,07/13/2025 10:01:03 AM
-1,1.00,07/13/2025 09:50:15 AM
38,1.00,07/13/2025 09:40:01 AM
-1,1.00,07/13/2025 09:30:48 AM
31,1.00,07/13/2025 09:20:33 AM
35,1.00,07/13/2025 09:10:14 AM
-1,1.00,07/13/2025 09:01:03 AM
16,1.00,07/13/2025 08:50:15 AM
39,1.00,07/13/2025 08:40:01 AM
33,1.00,07/13/2025 08:30:48 AM
17,1.00,07/13/2025 08:20:33 AM
31,1.00,07/13/2025 08:10:15 AM
33,1.00,07/13/2025 08:01:03 AM
19,1.00,07/13/2025 07:50:14 AM
-1,1.00,07/13/2025 07:40:00 AM
31,1.00,07/13/2025 07:30:48 AM
32,1.00,07/13/2025 07:20:32 AM
31,1.00,07/13/2025 07:10:15 AM
33,1.00,07/13/2025 07:01:03 AM
33,1.00,07/13/2025 06:50:14 AM
19,1.00,07/13/2025 06:40:00 AM
-1,1.00,07/13/2025 06:30:47 AM
-1,1.00,07/13/2025 06:20:32 AM
35,1.00,07/13/2025 06:10:15 AM
-1,1.00,07/13/2025 06:01:03 AM
-1,1.00,07/13/2025 05:50:14 AM
21,1.00,07/13/2025 05:40:00 AM
-1,1.00,07/13/2025 05:30:47 AM
16,1.00,07/13/2025 05:20:32 AM
-1,1.00,07/13/2025 05:10:15 AM
28,1.00,07/13/2025 05:01:02 AM
-1,1.00,07/13/2025 04:50:15 AM
18,1.00,07/13/2025 04:40:01 AM
38,1.00,07/13/2025 04:30:47 AM
-1,1.00,07/13/2025 04:20:33 AM
-1,1.00,07/13/2025 04:10:15 AM
33,1.00,07/13/2025 04:01:02 AM
-1,1.00,07/13/2025 03:50:15 AM
-1,1.00,07/13/2025 03:40:01 AM
37,1.00,07/13/2025 03:30:47 AM
-1,1.00,07/13/2025 03:20:33 AM
18,1.00,07/13/2025 03:10:14 AM
31,1.00,07/13/2025 03:01:02 AM
31,1.00,07/13/2025 02:50:15 AM
27,1.00,07/13/2025 02:40:01 AM
-1,1.00,07/13/2025 02:30:47 AM
32,1.00,07/13/2025 02:20:33 AM
-1,1.00,07/13/2025 02:10:15 AM
40,1.00,07/13/2025 02:01:02 AM
30,1.00,07/13/2025 01:50:15 AM
18,1.00,07/13/2025 01:40:01 AM
-1,1.00,07/13/2025 01:30:48 AM
31,1.00,07/13/2025 01:20:33 AM
31,1.00,07/13/2025 01:10:15 AM
-1,1.00,07/13/2025 01:01:02 AM
31,1.00,07/13/2025 12:50:15 AM
31,1.00,07/13/2025 12:40:01 AM
41,1.00,07/13/2025 12:30:48 AM
-1,1.00,07/13/2025 12:20:33 AM
16,1.00,07/13/2025 12:10:14 AM
31,1.00,07/13/2025 12:01:05 AM
35,1.00,07/12/2025 11:50:15 PM
18,1.00,07/12/2025 11:40:01 PM
-1,1.00,07/12/2025 11:30:48 PM
31,1.00,07/12/2025 11:20:33 PM
32,1.00,07/12/2025 11:10:15 PM
-1,1.00,07/12/2025 11:01:02 PM
-1,1.00,07/12/2025 10:50:15 PM
26,1.00,07/12/2025 10:40:01 PM
-1,1.00,07/12/2025 10:30:48 PM
41,1.00,07/12/2025 10:20:33 PM
16,1.00,07/12/2025 10:10:15 PM
31,1.00,07/12/2025 10:01:03 PM
33,1.00,07/12/2025 09:50:15 PM
31,1.00,07/12/2025 09:40:01 PM
30,1.00,07/12/2025 09:30:48 PM
24,1.00,07/12/2025 09:20:33 PM
-1,1.00,07/12/2025 09:10:16 PM
40,1.00,07/12/2025 09:01:03 PM
41,1.00,07/12/2025 08:50:15 PM
33,1.00,07/12/2025 08:40:01 PM
18,1.00,07/12/2025 08:30:48 PM
31,1.00,07/12/2025 08:20:34 PM
38,1.00,07/12/2025 08:10:15 PM
31,1.00,07/12/2025 08:01:03 PM
41,1.00,07/12/2025 07:50:15 PM
31,1.00,07/12/2025 07:40:01 PM
16,1.00,07/12/2025 07:30:48 PM
41,1.00,07/12/2025 07:20:34 PM
19,1.00,07/12/2025 07:10:16 PM
37,1.00,07/12/2025 07:01:03 PM
-1,1.00,07/12/2025 06:50:15 PM
33,1.00,07/12/2025 06:40:01 PM
41,1.00,07/12/2025 06:30:48 PM
41,1.00,07/12/2025 06:20:34 PM
25,1.00,07/12/2025 06:10:16 PM
41,1.00,07/12/2025 06:01:03 PM
16,1.00,07/12/2025 05:50:15 PM
39,1.00,07/12/2025 05:40:01 PM
31,1.00,07/12/2025 05:30:48 PM
41,1.00,07/12/2025 05:20:34 PM
33,1.00,07/12/2025 05:10:16 PM
-1,1.00,07/12/2025 05:01:03 PM
20,1.00,07/12/2025 04:50:15 PM
32,1.00,07/12/2025 04:40:01 PM
31,1.00,07/12/2025 04:30:48 PM
-1,1.00,07/12/2025 04:20:34 PM
41,1.00,07/12/2025 04:10:15 PM
35,1.00,07/12/2025 04:01:03 PM
38,1.00,07/12/2025 03:50:15 PM
18,1.00,07/12/2025 03:40:01 PM
34,1.00,07/12/2025 03:30:48 PM
31,1.00,07/12/2025 03:20:34 PM
31,1.00,07/12/2025 03:10:15 PM
33,1.00,07/12/2025 03:01:03 PM
22,1.00,07/12/2025 02:50:15 PM
32,1.00,07/12/2025 02:40:01 PM
17,1.00,07/12/2025 02:30:48 PM
31,1.00,07/12/2025 02:20:34 PM
39,1.00,07/12/2025 02:10:15 PM
37,1.00,07/12/2025 02:01:03 PM
21,1.00,07/12/2025 01:50:16 PM
31,1.00,07/12/2025 01:40:01 PM
41,1.00,07/12/2025 01:30:48 PM
41,1.00,07/12/2025 01:20:34 PM
32,1.00,07/12/2025 01:10:15 PM
-1,1.00,07/12/2025 01:01:03 PM
-1,1.00,07/12/2025 12:50:16 PM
35,1.00,07/12/2025 12:40:01 PM
41,1.00,07/12/2025 12:30:48 PM
-1,1.00,07/12/2025 12:20:33 PM
34,1.00,07/12/2025 12:10:15 PM
15,1.00,07/12/2025 12:01:03 PM
28,1.00,07/12/2025 11:50:16 AM
17,1.00,07/12/2025 11:40:01 AM
29,1.00,07/12/2025 11:30:48 AM
19,1.00,07/12/2025 11:20:33 AM
-1,1.00,07/12/2025 11:10:15 AM
17,1.00,07/12/2025 11:01:03 AM
18,1.00,07/12/2025 10:50:15 AM
33,1.00,07/12/2025 10:40:02 AM
33,1.00,07/12/2025 10:30:48 AM
15,1.00,07/12/2025 10:20:33 AM
41,1.00,07/12/2025 10:10:15 AM
18,1.00,07/12/2025 10:01:03 AM
35,1.00,07/12/2025 09:50:15 AM
41,1.00,07/12/2025 09:40:02 AM
16,1.00,07/12/2025 09:30:48 AM
39,1.00,07/12/2025 09:20:33 AM
38,1.00,07/12/2025 09:10:15 AM
31,1.00,07/12/2025 09:01:03 AM
31,1.00,07/12/2025 08:50:15 AM
38,1.00,07/12/2025 08:40:02 AM
17,1.00,07/12/2025 08:30:48 AM
14,1.00,07/12/2025 08:20:33 AM
31,1.00,07/12/2025 08:10:15 AM
-1,1.00,07/12/2025 08:01:03 AM
35,1.00,07/12/2025 07:50:15 AM
16,1.00,07/12/2025 07:40:01 AM
27,1.00,07/12/2025 07:30:48 AM
31,1.00,07/12/2025 07:20:33 AM
-1,1.00,07/12/2025 07:10:15 AM
28,1.00,07/12/2025 07:01:03 AM
29,1.00,07/12/2025 06:50:15 AM
-1,1.00,07/12/2025 06:40:01 AM
-1,1.00,07/12/2025 06:30:48 AM
14,1.00,07/12/2025 06:20:33 AM
18,1.00,07/12/2025 06:10:15 AM
41,1.00,07/12/2025 06:01:03 AM
18,1.00,07/12/2025 05:50:15 AM
31,1.00,07/12/2025 05:40:01 AM
35,1.00,07/12/2025 05:30:48 AM
-1,1.00,07/12/2025 05:20:33 AM
41,1.00,07/12/2025 05:10:15 AM
-1,1.00,07/12/2025 05:01:03 AM
38,1.00,07/12/2025 04:50:14 AM
-1,1.00,07/12/2025 04:40:00 AM
41,1.00,07/12/2025 04:30:48 AM
-1,1.00,07/12/2025 04:20:33 AM
-1,1.00,07/12/2025 04:10:15 AM
28,1.00,07/12/2025 04:01:02 AM
-1,1.00,07/12/2025 03:50:14 AM
-1,1.00,07/12/2025 03:40:00 AM
29,1.00,07/12/2025 03:30:47 AM
-1,1.00,07/12/2025 03:20:33 AM
-1,1.00,07/12/2025 03:10:15 AM
-1,1.00,07/12/2025 03:01:02 AM
-1,1.00,07/12/2025 02:50:14 AM
16,1.00,07/12/2025 02:40:00 AM
25,1.00,07/12/2025 02:30:47 AM
32,1.00,07/12/2025 02:20:32 AM
-1,1.00,07/12/2025 02:10:14 AM
23,1.00,07/12/2025 02:01:02 AM
-1,1.00,07/12/2025 01:50:15 AM
31,1.00,07/12/2025 01:40:00 AM
27,1.00,07/12/2025 01:30:47 AM
-1,1.00,07/12/2025 01:20:32 AM
-1,1.00,07/12/2025 01:10:14 AM
-1,1.00,07/12/2025 01:01:02 AM
-1,1.00,07/12/2025 12:50:15 AM
-1,1.00,07/12/2025 12:40:00 AM
31,1.00,07/12/2025 12:30:47 AM
31,1.00,07/12/2025 12:20:33 AM
38,1.00,07/12/2025 12:10:15 AM
-1,1.00,07/12/2025 12:01:03 AM
16,1.00,07/11/2025 11:50:15 PM
27,1.00,07/11/2025 11:40:00 PM
31,1.00,07/11/2025 11:30:47 PM
33,1.00,07/11/2025 11:20:33 PM
36,1.00,07/11/2025 11:10:15 PM
-1,1.00,07/11/2025 11:01:03 PM
16,1.00,07/11/2025 10:50:15 PM
17,1.00,07/11/2025 10:40:00 PM
-1,1.00,07/11/2025 10:30:48 PM
29,1.00,07/11/2025 10:20:33 PM
31,1.00,07/11/2025 10:10:15 PM
34,1.00,07/11/2025 10:01:03 PM
33,1.00,07/11/2025 09:50:15 PM
16,1.00,07/11/2025 09:40:01 PM
40,1.00,07/11/2025 09:30:48 PM
32,1.00,07/11/2025 09:20:33 PM
-1,1.00,07/11/2025 09:10:15 PM
32,1.00,07/11/2025 09:01:03 PM
32,1.00,07/11/2025 08:50:15 PM
31,1.00,07/11/2025 08:40:02 PM
33,1.00,07/11/2025 08:30:48 PM
17,1.00,07/11/2025 08:20:33 PM
-1,1.00,07/11/2025 08:10:15 PM
38,1.00,07/11/2025 08:01:03 PM
39,1.00,07/11/2025 07:50:15 PM
41,1.00,07/11/2025 07:40:02 PM
16,1.00,07/11/2025 07:30:48 PM
21,1.00,07/11/2025 07:20:33 PM
23,1.00,07/11/2025 07:10:15 PM
34,1.00,07/11/2025 07:01:03 PM
24,1.00,07/11/2025 06:50:16 PM
16,1.00,07/11/2025 06:40:02 PM
38,1.00,07/11/2025 06:30:48 PM
-1,1.00,07/11/2025 06:20:36 PM
34,1.00,07/11/2025 06:10:16 PM
-1,1.00,07/11/2025 06:01:03 PM
38,1.00,07/11/2025 05:50:16 PM
25,1.00,07/11/2025 05:40:02 PM
33,1.00,07/11/2025 05:30:48 PM
31,1.00,07/11/2025 05:20:34 PM
38,1.00,07/11/2025 05:10:15 PM
22,1.00,07/11/2025 05:01:04 PM
33,1.00,07/11/2025 04:50:16 PM
34,1.00,07/11/2025 04:40:02 PM
23,1.00,07/11/2025 04:30:49 PM
28,1.00,07/11/2025 04:20:34 PM
19,1.00,07/11/2025 04:10:16 PM
35,1.00,07/11/2025 04:01:05 PM
37,1.00,07/11/2025 03:50:16 PM
18,1.00,07/11/2025 03:40:02 PM
16,1.00,07/11/2025 03:30:49 PM
-1,1.00,07/11/2025 03:20:34 PM
34,1.00,07/11/2025 03:10:15 PM
14,1.00,07/11/2025 03:01:04 PM
29,1.00,07/11/2025 02:50:16 PM
39,1.00,07/11/2025 02:40:02 PM
33,1.00,07/11/2025 02:30:49 PM
40,1.00,07/11/2025 02:20:34 PM
12,1.00,07/11/2025 02:10:16 PM
33,1.00,07/11/2025 02:01:04 PM
41,1.00,07/11/2025 01:50:15 PM
19,1.00,07/11/2025 01:40:02 PM
-1,1.00,07/11/2025 01:30:49 PM
34,1.00,07/11/2025 01:20:34 PM
38,1.00,07/11/2025 01:10:15 PM
-1,1.00,07/11/2025 01:01:04 PM
18,1.00,07/11/2025 12:50:15 PM
31,1.00,07/11/2025 12:40:02 PM
-1,1.00,07/11/2025 12:30:49 PM
11,1.00,07/11/2025 12:20:34 PM
30,1.00,07/11/2025 12:10:15 PM
34,1.00,07/11/2025 12:01:04 PM
31,1.00,07/11/2025 11:50:15 AM
41,1.00,07/11/2025 11:40:02 AM
18,1.00,07/11/2025 11:30:49 AM
35,1.00,07/11/2025 11:20:34 AM
31,1.00,07/11/2025 11:10:16 AM
31,1.00,07/11/2025 11:01:04 AM
35,1.00,07/11/2025 10:50:15 AM
31,1.00,07/11/2025 10:40:02 AM
35,1.00,07/11/2025 10:30:49 AM
35,1.00,07/11/2025 10:20:34 AM
27,1.00,07/11/2025 10:10:16 AM
38,1.00,07/11/2025 10:01:04 AM
40,1.00,07/11/2025 09:50:15 AM
35,1.00,07/11/2025 09:40:02 AM
19,1.00,07/11/2025 09:30:49 AM
33,1.00,07/11/2025 09:20:34 AM
15,1.00,07/11/2025 09:10:16 AM
30,1.00,07/11/2025 09:01:04 AM
33,1.00,07/11/2025 08:50:15 AM
27,1.00,07/11/2025 08:40:02 AM
31,1.00,07/11/2025 08:30:49 AM
34,1.00,07/11/2025 08:20:35 AM
17,1.00,07/11/2025 08:10:16 AM
30,1.00,07/11/2025 08:01:04 AM
31,1.00,07/11/2025 07:50:17 AM
33,1.00,07/11/2025 07:40:02 AM
39,1.00,07/11/2025 07:30:49 AM
18,1.00,07/11/2025 07:20:34 AM
29,1.00,07/11/2025 07:10:16 AM
29,1.00,07/11/2025 07:01:04 AM
25,1.00,07/11/2025 06:50:15 AM
32,1.00,07/11/2025 06:40:01 AM
-1,1.00,07/11/2025 06:30:48 AM
-1,1.00,07/11/2025 06:20:34 AM
25,1.00,07/11/2025 06:10:15 AM
-1,1.00,07/11/2025 06:01:03 AM
-1,1.00,07/11/2025 05:50:16 AM
35,1.00,07/11/2025 05:40:01 AM
-1,1.00,07/11/2025 05:30:48 AM
18,1.00,07/11/2025 05:20:33 AM
-1,1.00,07/11/2025 05:10:15 AM
15,1.00,07/11/2025 05:01:03 AM
-1,1.00,07/11/2025 04:50:15 AM
31,1.00,07/11/2025 04:40:00 AM
21,1.00,07/11/2025 04:30:47 AM
-1,1.00,07/11/2025 04:20:32 AM
-1,1.00,07/11/2025 04:10:14 AM
30,1.00,07/11/2025 04:01:02 AM
33,1.00,07/11/2025 03:50:15 AM
-1,1.00,07/11/2025 03:40:00 AM
22,1.00,07/11/2025 03:30:47 AM
-1,1.00,07/11/2025 03:20:32 AM
-1,1.00,07/11/2025 03:10:14 AM
16,1.00,07/11/2025 03:01:02 AM
-1,1.00,07/11/2025 02:50:15 AM
17,1.00,07/11/2025 02:40:01 AM
-1,1.00,07/11/2025 02:30:47 AM
15,1.00,07/11/2025 02:20:32 AM
-1,1.00,07/11/2025 02:10:14 AM
29,1.00,07/11/2025 02:01:02 AM
-1,1.00,07/11/2025 01:50:14 AM
15,1.00,07/11/2025 01:40:01 AM
-1,1.00,07/11/2025 01:30:47 AM
28,1.00,07/11/2025 01:20:32 AM
-1,1.00,07/11/2025 01:10:14 AM
-1,1.00,07/11/2025 01:01:02 AM
19,1.00,07/11/2025 12:50:15 AM
-1,1.00,07/11/2025 12:40:01 AM
-1,1.00,07/11/2025 12:30:48 AM
32,1.00,07/11/2025 12:20:33 AM
16,1.00,07/11/2025 12:10:14 AM
17,1.00,07/11/2025 12:01:03 AM
-1,1.00,07/10/2025 11:50:15 PM
38,1.00,07/10/2025 11:40:01 PM
-1,1.00,07/10/2025 11:30:48 PM
23,1.00,07/10/2025 11:20:33 PM
31,1.00,07/10/2025 11:10:14 PM
16,1.00,07/10/2025 11:01:03 PM
16,1.00,07/10/2025 10:50:15 PM
30,1.00,07/10/2025 10:40:01 PM
-1,1.00,07/10/2025 10:30:49 PM
-1,1.00,07/10/2025 10:20:34 PM
31,1.00,07/10/2025 10:10:16 PM
30,1.00,07/10/2025 10:01:03 PM
35,1.00,07/10/2025 09:50:15 PM
35,1.00,07/10/2025 09:40:01 PM
24,1.00,07/10/2025 09:30:48 PM
34,1.00,07/10/2025 09:20:34 PM
33,1.00,07/10/2025 09:10:15 PM
-1,1.00,07/10/2025 09:01:03 PM
15,1.00,07/10/2025 08:50:15 PM
30,1.00,07/10/2025 08:40:01 PM
41,1.00,07/10/2025 08:30:48 PM
31,1.00,07/10/2025 08:20:33 PM
31,1.00,07/10/2025 08:10:15 PM
32,1.00,07/10/2025 08:01:03 PM
-1,1.00,07/10/2025 07:50:15 PM
31,1.00,07/10/2025 07:40:01 PM
35,1.00,07/10/2025 07:30:48 PM
29,1.00,07/10/2025 07:20:34 PM
41,1.00,07/10/2025 07:10:16 PM
-1,1.00,07/10/2025 07:01:04 PM
20,1.00,07/10/2025 06:50:15 PM
31,1.00,07/10/2025 06:40:02 PM
39,1.00,07/10/2025 06:30:48 PM
30,1.00,07/10/2025 06:20:34 PM
27,1.00,07/10/2025 06:10:16 PM
38,1.00,07/10/2025 06:01:06 PM
13,1.00,07/10/2025 05:50:16 PM
39,1.00,07/10/2025 05:40:02 PM
28,1.00,07/10/2025 05:30:49 PM
33,1.00,07/10/2025 05:20:34 PM
39,1.00,07/10/2025 05:10:16 PM
-1,1.00,07/10/2025 05:01:04 PM
41,1.00,07/10/2025 04:50:16 PM
16,1.00,07/10/2025 04:40:02 PM
31,1.00,07/10/2025 04:30:48 PM
35,1.00,07/10/2025 04:20:34 PM
35,1.00,07/10/2025 04:10:16 PM
18,1.00,07/10/2025 04:01:04 PM
31,1.00,07/10/2025 03:50:15 PM
31,1.00,07/10/2025 03:40:01 PM
-1,1.00,07/10/2025 03:30:49 PM
17,1.00,07/10/2025 03:20:34 PM
16,1.00,07/10/2025 03:10:15 PM
34,1.00,07/10/2025 03:01:04 PM
36,1.00,07/10/2025 02:50:15 PM
21,1.00,07/10/2025 02:40:01 PM
34,1.00,07/10/2025 02:30:49 PM
29,1.00,07/10/2025 02:20:33 PM
29,1.00,07/10/2025 02:10:15 PM
-1,1.00,07/10/2025 02:01:03 PM
39,1.00,07/10/2025 01:50:16 PM
26,1.00,07/10/2025 01:40:02 PM
36,1.00,07/10/2025 01:30:49 PM
26,1.00,07/10/2025 01:20:34 PM
-1,1.00,07/10/2025 01:10:15 PM
14,1.00,07/10/2025 01:01:03 PM
34,1.00,07/10/2025 12:50:16 PM
-1,1.00,07/10/2025 12:40:02 PM
18,1.00,07/10/2025 12:30:49 PM
33,1.00,07/10/2025 12:20:34 PM
35,1.00,07/10/2025 12:10:15 PM
14,1.00,07/10/2025 12:01:03 PM
25,1.00,07/10/2025 11:50:16 AM
18,1.00,07/10/2025 11:40:02 AM
39,1.00,07/10/2025 11:30:48 AM
27,1.00,07/10/2025 11:20:34 AM
35,1.00,07/10/2025 11:10:15 AM
41,1.00,07/10/2025 11:01:03 AM
34,1.00,07/10/2025 10:50:16 AM
12,1.00,07/10/2025 10:40:02 AM
40,1.00,07/10/2025 10:30:49 AM
33,1.00,07/10/2025 10:20:34 AM
20,1.00,07/10/2025 10:10:15 AM
22,1.00,07/10/2025 10:01:03 AM
29,1.00,07/10/2025 09:50:16 AM
32,1.00,07/10/2025 09:40:02 AM
30,1.00,07/10/2025 09:30:49 AM
34,1.00,07/10/2025 09:20:34 AM
33,1.00,07/10/2025 09:10:16 AM
31,1.00,07/10/2025 09:01:03 AM
34,1.00,07/10/2025 08:50:16 AM
23,1.00,07/10/2025 08:40:02 AM
33,1.00,07/10/2025 08:30:49 AM
26,1.00,07/10/2025 08:20:34 AM
24,1.00,07/10/2025 08:10:16 AM
38,1.00,07/10/2025 08:01:04 AM
38,1.00,07/10/2025 07:50:16 AM
35,1.00,07/10/2025 07:40:02 AM
26,1.00,07/10/2025 07:30:49 AM
31,1.00,07/10/2025 07:20:34 AM
19,1.00,07/10/2025 07:10:16 AM
23,1.00,07/10/2025 07:01:04 AM
41,1.00,07/10/2025 06:50:16 AM
32,1.00,07/10/2025 06:40:01 AM
-1,1.00,07/10/2025 06:30:49 AM
31,1.00,07/10/2025 06:20:33 AM
-1,1.00,07/10/2025 06:10:16 AM
17,1.00,07/10/2025 06:01:03 AM
-1,1.00,07/10/2025 05:50:15 AM
31,1.00,07/10/2025 05:40:01 AM
-1,1.00,07/10/2025 05:30:48 AM
18,1.00,07/10/2025 05:20:33 AM
-1,1.00,07/10/2025 05:10:15 AM
19,1.00,07/10/2025 05:01:03 AM
-1,1.00,07/10/2025 04:50:15 AM
-1,1.00,07/10/2025 04:40:00 AM
22,1.00,07/10/2025 04:30:47 AM
-1,1.00,07/10/2025 04:20:32 AM
-1,1.00,07/10/2025 04:10:15 AM
36,1.00,07/10/2025 04:01:03 AM
-1,1.00,07/10/2025 03:50:14 AM
-1,1.00,07/10/2025 03:40:00 AM
18,1.00,07/10/2025 03:30:47 AM
-1,1.00,07/10/2025 03:20:32 AM
31,1.00,07/10/2025 03:10:14 AM
-1,1.00,07/10/2025 03:01:02 AM
-1,1.00,07/10/2025 02:50:14 AM
-1,1.00,07/10/2025 02:40:00 AM
-1,1.00,07/10/2025 02:30:47 AM
38,1.00,07/10/2025 02:20:33 AM
-1,1.00,07/10/2025 02:10:14 AM
-1,1.00,07/10/2025 02:01:02 AM
36,1.00,07/10/2025 01:50:14 AM
-1,1.00,07/10/2025 01:40:00 AM
35,1.00,07/10/2025 01:30:47 AM
-1,1.00,07/10/2025 01:20:33 AM
34,1.00,07/10/2025 01:10:14 AM
-1,1.00,07/10/2025 01:01:02 AM
-1,1.00,07/10/2025 12:50:14 AM
-1,1.00,07/10/2025 12:40:00 AM
16,1.00,07/10/2025 12:30:47 AM
28,1.00,07/10/2025 12:20:33 AM
16,1.00,07/10/2025 12:10:15 AM
34,1.00,07/10/2025 12:01:03 AM
35,1.00,07/09/2025 11:50:14 PM
35,1.00,07/09/2025 11:40:01 PM
-1,1.00,07/09/2025 11:30:48 PM
41,1.00,07/09/2025 11:20:33 PM
18,1.00,07/09/2025 11:10:15 PM
32,1.00,07/09/2025 11:01:02 PM
31,1.00,07/09/2025 10:50:14 PM
16,1.00,07/09/2025 10:40:01 PM
20,1.00,07/09/2025 10:30:48 PM
32,1.00,07/09/2025 10:20:33 PM
41,1.00,07/09/2025 10:10:15 PM
-1,1.00,07/09/2025 10:01:03 PM
27,1.00,07/09/2025 09:50:15 PM
16,1.00,07/09/2025 09:40:02 PM
25,1.00,07/09/2025 09:30:48 PM
-1,1.00,07/09/2025 09:20:34 PM
27,1.00,07/09/2025 09:10:15 PM
25,1.00,07/09/2025 09:01:03 PM
29,1.00,07/09/2025 08:50:15 PM
31,1.00,07/09/2025 08:40:01 PM
31,1.00,07/09/2025 08:30:48 PM
23,1.00,07/09/2025 08:20:34 PM
31,1.00,07/09/2025 08:10:15 PM
39,1.00,07/09/2025 08:01:04 PM
41,1.00,07/09/2025 07:50:16 PM
35,1.00,07/09/2025 07:40:02 PM
35,1.00,07/09/2025 07:30:49 PM
35,1.00,07/09/2025 07:20:33 PM
30,1.00,07/09/2025 07:10:15 PM
41,1.00,07/09/2025 07:01:04 PM
15,1.00,07/09/2025 06:50:16 PM
41,1.00,07/09/2025 06:40:02 PM
31,1.00,07/09/2025 06:30:49 PM
30,1.00,07/09/2025 06:20:34 PM
41,1.00,07/09/2025 06:10:15 PM
34,1.00,07/09/2025 06:01:04 PM
16,1.00,07/09/2025 05:50:16 PM
34,1.00,07/09/2025 05:40:02 PM
29,1.00,07/09/2025 05:30:49 PM
33,1.00,07/09/2025 05:20:34 PM
41,1.00,07/09/2025 05:10:15 PM
15,1.00,07/09/2025 05:01:05 PM
34,1.00,07/09/2025 04:50:16 PM
29,1.00,07/09/2025 04:40:02 PM
25,1.00,07/09/2025 04:30:49 PM
32,1.00,07/09/2025 04:20:34 PM
38,1.00,07/09/2025 04:10:15 PM
33,1.00,07/09/2025 04:01:04 PM
32,1.00,07/09/2025 03:50:16 PM
35,1.00,07/09/2025 03:40:02 PM
29,1.00,07/09/2025 03:30:49 PM
26,1.00,07/09/2025 03:20:34 PM
41,1.00,07/09/2025 03:10:16 PM
31,1.00,07/09/2025 03:01:04 PM
16,1.00,07/09/2025 02:50:16 PM
35,1.00,07/09/2025 02:40:02 PM
32,1.00,07/09/2025 02:30:49 PM
23,1.00,07/09/2025 02:20:34 PM
33,1.00,07/09/2025 02:10:16 PM
-1,1.00,07/09/2025 02:01:04 PM
-1,1.00,07/09/2025 01:50:16 PM
35,1.00,07/09/2025 01:40:01 PM
30,1.00,07/09/2025 01:30:48 PM
33,1.00,07/09/2025 01:20:33 PM
30,1.00,07/09/2025 01:10:16 PM
29,1.00,07/09/2025 01:01:03 PM
36,1.00,07/09/2025 12:50:15 PM
-1,1.00,07/09/2025 12:40:01 PM
25,1.00,07/09/2025 12:30:48 PM
30,1.00,07/09/2025 12:20:34 PM
34,1.00,07/09/2025 12:10:16 PM
16,1.00,07/09/2025 12:01:03 PM
16,1.00,07/09/2025 11:50:15 AM
25,1.00,07/09/2025 11:40:01 AM
16,1.00,07/09/2025 11:30:48 AM
28,1.00,07/09/2025 11:20:33 AM
31,1.00,07/09/2025 11:10:16 AM
37,1.00,07/09/2025 11:01:03 AM
31,1.00,07/09/2025 10:50:16 AM
33,1.00,07/09/2025 10:40:01 AM
33,1.00,07/09/2025 10:30:48 AM
34,1.00,07/09/2025 10:20:33 AM
37,1.00,07/09/2025 10:10:16 AM
30,1.00,07/09/2025 10:01:04 AM
35,1.00,07/09/2025 09:50:16 AM
30,1.00,07/09/2025 09:40:01 AM
33,1.00,07/09/2025 09:30:48 AM
41,1.00,07/09/2025 09:20:35 AM
31,1.00,07/09/2025 09:10:16 AM
35,1.00,07/09/2025 09:01:04 AM
-1,1.00,07/09/2025 08:50:16 AM
37,1.00,07/09/2025 08:40:01 AM
31,1.00,07/09/2025 08:30:48 AM
31,1.00,07/09/2025 08:20:35 AM
14,1.00,07/09/2025 08:10:16 AM
38,1.00,07/09/2025 08:01:04 AM
33,1.00,07/09/2025 07:50:16 AM
29,1.00,07/09/2025 07:40:03 AM
25,1.00,07/09/2025 07:30:48 AM
33,1.00,07/09/2025 07:20:34 AM
39,1.00,07/09/2025 07:10:17 AM
17,1.00,07/09/2025 07:01:03 AM
33,1.00,07/09/2025 06:50:16 AM
31,1.00,07/09/2025 06:40:02 AM
-1,1.00,07/09/2025 06:30:48 AM
16,1.00,07/09/2025 06:20:34 AM
-1,1.00,07/09/2025 06:10:15 AM
34,1.00,07/09/2025 06:01:03 AM
-1,1.00,07/09/2025 05:50:15 AM
-1,1.00,07/09/2025 05:40:01 AM
31,1.00,07/09/2025 05:30:47 AM
-1,1.00,07/09/2025 05:20:33 AM
-1,1.00,07/09/2025 05:10:15 AM
16,1.00,07/09/2025 05:01:02 AM
-1,1.00,07/09/2025 04:50:14 AM
16,1.00,07/09/2025 04:40:01 AM
-1,1.00,07/09/2025 04:30:47 AM
-1,1.00,07/09/2025 04:20:33 AM
-1,1.00,07/09/2025 04:10:14 AM
35,1.00,07/09/2025 04:01:02 AM
-1,1.00,07/09/2025 03:50:14 AM
-1,1.00,07/09/2025 03:40:01 AM
29,1.00,07/09/2025 03:30:47 AM
-1,1.00,07/09/2025 03:20:33 AM
-1,1.00,07/09/2025 03:10:14 AM
28,1.00,07/09/2025 03:01:02 AM
-1,1.00,07/09/2025 02:50:14 AM
31,1.00,07/09/2025 02:40:01 AM
-1,1.00,07/09/2025 02:30:48 AM
18,1.00,07/09/2025 02:20:33 AM
-1,1.00,07/09/2025 02:10:14 AM
-1,1.00,07/09/2025 02:01:02 AM
-1,1.00,07/09/2025 01:50:14 AM
31,1.00,07/09/2025 01:40:01 AM
29,1.00,07/09/2025 01:30:48 AM
-1,1.00,07/09/2025 01:20:33 AM
-1,1.00,07/09/2025 01:10:14 AM
-1,1.00,07/09/2025 01:01:02 AM
40,1.00,07/09/2025 12:50:14 AM
31,1.00,07/09/2025 12:40:01 AM
14,1.00,07/09/2025 12:30:48 AM
-1,1.00,07/09/2025 12:20:33 AM
32,1.00,07/09/2025 12:10:14 AM
-1,1.00,07/09/2025 12:01:02 AM
-1,1.00,07/08/2025 11:50:14 PM
28,1.00,07/08/2025 11:40:01 PM
-1,1.00,07/08/2025 11:30:48 PM
-1,1.00,07/08/2025 11:20:33 PM
38,1.00,07/08/2025 11:10:14 PM
-1,1.00,07/08/2025 11:01:02 PM
35,1.00,07/08/2025 10:50:14 PM
-1,1.00,07/08/2025 10:40:01 PM
-1,1.00,07/08/2025 10:30:49 PM
14,1.00,07/08/2025 10:20:33 PM
31,1.00,07/08/2025 10:10:15 PM
35,1.00,07/08/2025 10:01:04 PM
-1,1.00,07/08/2025 09:50:15 PM
31,1.00,07/08/2025 09:40:01 PM
29,1.00,07/08/2025 09:30:48 PM
31,1.00,07/08/2025 09:20:33 PM
33,1.00,07/08/2025 09:10:15 PM
33,1.00,07/08/2025 09:01:04 PM
14,1.00,07/08/2025 08:50:16 PM
34,1.00,07/08/2025 08:40:01 PM
31,1.00,07/08/2025 08:30:48 PM
31,1.00,07/08/2025 08:20:33 PM
30,1.00,07/08/2025 08:10:15 PM
41,1.00,07/08/2025 08:01:04 PM
35,1.00,07/08/2025 07:50:16 PM
41,1.00,07/08/2025 07:40:01 PM
40,1.00,07/08/2025 07:30:48 PM
40,1.00,07/08/2025 07:20:34 PM
30,1.00,07/08/2025 07:10:15 PM
37,1.00,07/08/2025 07:01:04 PM
41,1.00,07/08/2025 06:50:16 PM
31,1.00,07/08/2025 06:40:04 PM
34,1.00,07/08/2025 06:30:49 PM
40,1.00,07/08/2025 06:20:34 PM
40,1.00,07/08/2025 06:10:18 PM
33,1.00,07/08/2025 06:01:04 PM
-1,1.00,07/08/2025 05:50:16 PM
27,1.00,07/08/2025 05:40:01 PM
33,1.00,07/08/2025 05:30:49 PM
20,1.00,07/08/2025 05:20:34 PM
38,1.00,07/08/2025 05:10:16 PM
41,1.00,07/08/2025 05:01:04 PM
33,1.00,07/08/2025 04:50:17 PM
29,1.00,07/08/2025 04:40:01 PM
29,1.00,07/08/2025 04:30:49 PM
35,1.00,07/08/2025 04:20:34 PM
29,1.00,07/08/2025 04:10:16 PM
19,1.00,07/08/2025 04:01:04 PM
38,1.00,07/08/2025 03:50:16 PM
29,1.00,07/08/2025 03:40:01 PM
22,1.00,07/08/2025 03:30:49 PM
38,1.00,07/08/2025 03:20:35 PM
32,1.00,07/08/2025 03:10:16 PM
41,1.00,07/08/2025 03:01:04 PM
35,1.00,07/08/2025 02:50:16 PM
31,1.00,07/08/2025 02:40:02 PM
-1,1.00,07/08/2025 02:30:48 PM
16,1.00,07/08/2025 02:20:33 PM
25,1.00,07/08/2025 02:10:16 PM
35,1.00,07/08/2025 02:01:03 PM
16,1.00,07/08/2025 01:50:15 PM
37,1.00,07/08/2025 01:40:02 PM
35,1.00,07/08/2025 01:30:48 PM
37,1.00,07/08/2025 01:20:33 PM
-1,1.00,07/08/2025 01:10:16 PM
20,1.00,07/08/2025 01:01:03 PM
16,1.00,07/08/2025 12:50:15 PM
30,1.00,07/08/2025 12:40:02 PM
31,1.00,07/08/2025 12:30:48 PM
16,1.00,07/08/2025 12:20:33 PM
14,1.00,07/08/2025 12:10:16 PM
26,1.00,07/08/2025 12:01:03 PM
29,1.00,07/08/2025 11:50:15 AM
34,1.00,07/08/2025 11:40:02 AM
38,1.00,07/08/2025 11:30:48 AM
41,1.00,07/08/2025 11:20:34 AM
25,1.00,07/08/2025 11:10:15 AM
33,1.00,07/08/2025 11:01:03 AM
25,1.00,07/08/2025 10:50:15 AM
19,1.00,07/08/2025 10:40:02 AM
36,1.00,07/08/2025 10:30:48 AM
37,1.00,07/08/2025 10:20:34 AM
41,1.00,07/08/2025 10:10:16 AM
35,1.00,07/08/2025 10:01:03 AM
41,1.00,07/08/2025 09:50:15 AM
27,1.00,07/08/2025 09:40:02 AM
38,1.00,07/08/2025 09:30:48 AM
31,1.00,07/08/2025 09:20:34 AM
14,1.00,07/08/2025 09:10:16 AM
35,1.00,07/08/2025 09:01:03 AM
38,1.00,07/08/2025 08:50:15 AM
33,1.00,07/08/2025 08:40:02 AM
28,1.00,07/08/2025 08:30:48 AM
34,1.00,07/08/2025 08:20:34 AM
18,1.00,07/08/2025 08:10:18 AM
20,1.00,07/08/2025 08:01:03 AM
34,1.00,07/08/2025 07:50:15 AM
28,1.00,07/08/2025 07:40:02 AM
37,1.00,07/08/2025 07:30:49 AM
32,1.00,07/08/2025 07:20:34 AM
16,1.00,07/08/2025 07:10:16 AM
33,1.00,07/08/2025 07:01:03 AM
33,1.00,07/08/2025 06:50:15 AM
34,1.00,07/08/2025 06:40:02 AM
-1,1.00,07/08/2025 06:30:49 AM
16,1.00,07/08/2025 06:20:34 AM
-1,1.00,07/08/2025 06:10:15 AM
31,1.00,07/08/2025 06:01:03 AM
-1,1.00,07/08/2025 05:50:15 AM
40,1.00,07/08/2025 05:40:01 AM
17,1.00,07/08/2025 05:30:48 AM
34,1.00,07/08/2025 05:20:33 AM
-1,1.00,07/08/2025 05:10:14 AM
17,1.00,07/08/2025 05:01:03 AM
-1,1.00,07/08/2025 04:50:15 AM
-1,1.00,07/08/2025 04:40:00 AM
31,1.00,07/08/2025 04:30:48 AM
-1,1.00,07/08/2025 04:20:32 AM
-1,1.00,07/08/2025 04:10:14 AM
36,1.00,07/08/2025 04:01:03 AM
-1,1.00,07/08/2025 03:50:15 AM
-1,1.00,07/08/2025 03:40:00 AM
17,1.00,07/08/2025 03:30:47 AM
27,1.00,07/08/2025 03:20:32 AM
-1,1.00,07/08/2025 03:10:14 AM
35,1.00,07/08/2025 03:01:03 AM
-1,1.00,07/08/2025 02:50:15 AM
18,1.00,07/08/2025 02:40:00 AM
-1,1.00,07/08/2025 02:30:47 AM
18,1.00,07/08/2025 02:20:32 AM
-1,1.00,07/08/2025 02:10:14 AM
-1,1.00,07/08/2025 02:01:03 AM
30,1.00,07/08/2025 01:50:15 AM
-1,1.00,07/08/2025 01:40:00 AM
31,1.00,07/08/2025 01:30:47 AM
-1,1.00,07/08/2025 01:20:32 AM
18,1.00,07/08/2025 01:10:15 AM
31,1.00,07/08/2025 01:01:03 AM
16,1.00,07/08/2025 12:50:15 AM
-1,1.00,07/08/2025 12:40:00 AM
-1,1.00,07/08/2025 12:30:48 AM
40,1.00,07/08/2025 12:20:32 AM
41,1.00,07/08/2025 12:10:15 AM
16,1.00,07/08/2025 12:01:05 AM
-1,1.00,07/07/2025 11:50:15 PM
41,1.00,07/07/2025 11:40:00 PM
31,1.00,07/07/2025 11:30:48 PM
41,1.00,07/07/2025 11:20:33 PM
33,1.00,07/07/2025 11:10:15 PM
14,1.00,07/07/2025 11:01:03 PM
-1,1.00,07/07/2025 10:50:15 PM
34,1.00,07/07/2025 10:40:01 PM
15,1.00,07/07/2025 10:30:48 PM
18,1.00,07/07/2025 10:20:33 PM
-1,1.00,07/07/2025 10:10:15 PM
40,1.00,07/07/2025 10:01:03 PM
34,1.00,07/07/2025 09:50:15 PM
31,1.00,07/07/2025 09:40:01 PM
-1,1.00,07/07/2025 09:30:48 PM
27,1.00,07/07/2025 09:20:33 PM
25,1.00,07/07/2025 09:10:15 PM
34,1.00,07/07/2025 09:01:03 PM
38,1.00,07/07/2025 08:50:15 PM
29,1.00,07/07/2025 08:40:01 PM
30,1.00,07/07/2025 08:30:48 PM
33,1.00,07/07/2025 08:20:33 PM
27,1.00,07/07/2025 08:10:15 PM
17,1.00,07/07/2025 08:01:03 PM
-1,1.00,07/07/2025 07:50:15 PM
-1,1.00,07/07/2025 07:40:02 PM
27,1.00,07/07/2025 07:30:48 PM
40,1.00,07/07/2025 07:20:34 PM
41,1.00,07/07/2025 07:10:16 PM
17,1.00,07/07/2025 07:01:03 PM
18,1.00,07/07/2025 06:50:15 PM
19,1.00,07/07/2025 06:40:02 PM
41,1.00,07/07/2025 06:30:48 PM
41,1.00,07/07/2025 06:20:34 PM
18,1.00,07/07/2025 06:10:16 PM
38,1.00,07/07/2025 06:01:04 PM
41,1.00,07/07/2025 05:50:16 PM
33,1.00,07/07/2025 05:40:02 PM
24,1.00,07/07/2025 05:30:48 PM
41,1.00,07/07/2025 05:20:35 PM
32,1.00,07/07/2025 05:10:16 PM
20,1.00,07/07/2025 05:01:03 PM
31,1.00,07/07/2025 04:50:15 PM
33,1.00,07/07/2025 04:40:02 PM
29,1.00,07/07/2025 04:30:50 PM
38,1.00,07/07/2025 04:20:34 PM
32,1.00,07/07/2025 04:10:15 PM
20,1.00,07/07/2025 04:01:03 PM
31,1.00,07/07/2025 03:50:15 PM
18,1.00,07/07/2025 03:40:02 PM
37,1.00,07/07/2025 03:30:49 PM
31,1.00,07/07/2025 03:20:34 PM
16,1.00,07/07/2025 03:10:16 PM
36,1.00,07/07/2025 03:01:04 PM
37,1.00,07/07/2025 02:50:16 PM
36,1.00,07/07/2025 02:40:02 PM
-1,1.00,07/07/2025 02:30:49 PM
29,1.00,07/07/2025 02:20:34 PM
16,1.00,07/07/2025 02:10:16 PM
38,1.00,07/07/2025 02:01:04 PM
17,1.00,07/07/2025 01:50:16 PM
35,1.00,07/07/2025 01:40:01 PM
32,1.00,07/07/2025 01:30:48 PM
33,1.00,07/07/2025 01:20:34 PM
29,1.00,07/07/2025 01:10:16 PM
33,1.00,07/07/2025 01:01:04 PM
16,1.00,07/07/2025 12:50:16 PM
-1,1.00,07/07/2025 12:40:01 PM
30,1.00,07/07/2025 12:30:48 PM
28,1.00,07/07/2025 12:20:33 PM
-1,1.00,07/07/2025 12:10:15 PM
15,1.00,07/07/2025 12:01:03 PM
27,1.00,07/07/2025 11:50:15 AM
29,1.00,07/07/2025 11:40:01 AM
38,1.00,07/07/2025 11:30:48 AM
35,1.00,07/07/2025 11:20:34 AM
24,1.00,07/07/2025 11:10:15 AM
28,1.00,07/07/2025 11:01:03 AM
41,1.00,07/07/2025 10:50:15 AM
30,1.00,07/07/2025 10:40:02 AM
34,1.00,07/07/2025 10:30:48 AM
37,1.00,07/07/2025 10:20:34 AM
38,1.00,07/07/2025 10:10:15 AM
38,1.00,07/07/2025 10:01:03 AM
20,1.00,07/07/2025 09:50:15 AM
20,1.00,07/07/2025 09:40:02 AM
32,1.00,07/07/2025 09:30:48 AM
41,1.00,07/07/2025 09:20:35 AM
18,1.00,07/07/2025 09:10:16 AM
18,1.00,07/07/2025 09:01:04 AM
27,1.00,07/07/2025 08:50:16 AM
35,1.00,07/07/2025 08:40:02 AM
41,1.00,07/07/2025 08:30:48 AM
35,1.00,07/07/2025 08:20:34 AM
17,1.00,07/07/2025 08:10:16 AM
31,1.00,07/07/2025 08:01:04 AM
29,1.00,07/07/2025 07:50:16 AM
29,1.00,07/07/2025 07:40:02 AM
33,1.00,07/07/2025 07:30:48 AM
32,1.00,07/07/2025 07:20:34 AM
16,1.00,07/07/2025 07:10:15 AM
35,1.00,07/07/2025 07:01:03 AM
38,1.00,07/07/2025 06:50:15 AM
18,1.00,07/07/2025 06:40:02 AM
37,1.00,07/07/2025 06:30:48 AM
31,1.00,07/07/2025 06:20:34 AM
27,1.00,07/07/2025 06:10:15 AM
38,1.00,07/07/2025 06:01:03 AM
-1,1.00,07/07/2025 05:50:15 AM
34,1.00,07/07/2025 05:40:01 AM
-1,1.00,07/07/2025 05:30:48 AM
18,1.00,07/07/2025 05:20:33 AM
41,1.00,07/07/2025 05:10:15 AM
-1,1.00,07/07/2025 05:01:02 AM
-1,1.00,07/07/2025 04:50:14 AM
-1,1.00,07/07/2025 04:40:01 AM
27,1.00,07/07/2025 04:30:47 AM
-1,1.00,07/07/2025 04:20:33 AM
-1,1.00,07/07/2025 04:10:14 AM
31,1.00,07/07/2025 04:01:02 AM
-1,1.00,07/07/2025 03:50:14 AM
-1,1.00,07/07/2025 03:40:00 AM
36,1.00,07/07/2025 03:30:48 AM
-1,1.00,07/07/2025 03:20:32 AM
-1,1.00,07/07/2025 03:10:14 AM
27,1.00,07/07/2025 03:01:02 AM
-1,1.00,07/07/2025 02:50:14 AM
-1,1.00,07/07/2025 02:40:00 AM
-1,1.00,07/07/2025 02:30:48 AM
-1,1.00,07/07/2025 02:20:32 AM
-1,1.00,07/07/2025 02:10:14 AM
19,1.00,07/07/2025 02:01:03 AM
-1,1.00,07/07/2025 01:50:14 AM
22,1.00,07/07/2025 01:40:00 AM
-1,1.00,07/07/2025 01:30:48 AM
33,1.00,07/07/2025 01:20:32 AM
34,1.00,07/07/2025 01:10:14 AM
-1,1.00,07/07/2025 01:01:03 AM
-1,1.00,07/07/2025 12:50:14 AM
35,1.00,07/07/2025 12:40:00 AM
39,1.00,07/07/2025 12:30:48 AM
16,1.00,07/07/2025 12:20:32 AM
-1,1.00,07/07/2025 12:10:15 AM
18,1.00,07/07/2025 12:01:03 AM
-1,1.00,07/06/2025 11:50:15 PM
22,1.00,07/06/2025 11:40:01 PM
-1,1.00,07/06/2025 11:30:48 PM
41,1.00,07/06/2025 11:20:33 PM
16,1.00,07/06/2025 11:10:15 PM
-1,1.00,07/06/2025 11:01:03 PM
35,1.00,07/06/2025 10:50:15 PM
-1,1.00,07/06/2025 10:40:01 PM
-1,1.00,07/06/2025 10:30:48 PM
30,1.00,07/06/2025 10:20:33 PM
-1,1.00,07/06/2025 10:10:15 PM
-1,1.00,07/06/2025 10:01:03 PM
17,1.00,07/06/2025 09:50:15 PM
31,1.00,07/06/2025 09:40:01 PM
20,1.00,07/06/2025 09:30:48 PM
-1,1.00,07/06/2025 09:20:33 PM
17,1.00,07/06/2025 09:10:15 PM
39,1.00,07/06/2025 09:01:03 PM
-1,1.00,07/06/2025 08:50:15 PM
-1,1.00,07/06/2025 08:40:01 PM
33,1.00,07/06/2025 08:30:48 PM
38,1.00,07/06/2025 08:20:33 PM
-1,1.00,07/06/2025 08:10:15 PM
33,1.00,07/06/2025 08:01:03 PM
-1,1.00,07/06/2025 07:50:15 PM
18,1.00,07/06/2025 07:40:01 PM
23,1.00,07/06/2025 07:30:48 PM
20,1.00,07/06/2025 07:20:33 PM
31,1.00,07/06/2025 07:10:15 PM
-1,1.00,07/06/2025 07:01:03 PM
38,1.00,07/06/2025 06:50:15 PM
-1,1.00,07/06/2025 06:40:01 PM
-1,1.00,07/06/2025 06:30:48 PM
33,1.00,07/06/2025 06:20:33 PM
31,1.00,07/06/2025 06:10:16 PM
17,1.00,07/06/2025 06:01:03 PM
30,1.00,07/06/2025 05:50:15 PM
32,1.00,07/06/2025 05:40:01 PM
27,1.00,07/06/2025 05:30:48 PM
-1,1.00,07/06/2025 05:20:33 PM
13,1.00,07/06/2025 05:10:15 PM
38,1.00,07/06/2025 05:01:03 PM
37,1.00,07/06/2025 04:50:15 PM
-1,1.00,07/06/2025 04:40:01 PM
20,1.00,07/06/2025 04:30:48 PM
40,1.00,07/06/2025 04:20:34 PM
-1,1.00,07/06/2025 04:10:15 PM
33,1.00,07/06/2025 04:01:03 PM
17,1.00,07/06/2025 03:50:15 PM
30,1.00,07/06/2025 03:40:02 PM
35,1.00,07/06/2025 03:30:48 PM
-1,1.00,07/06/2025 03:20:34 PM
-1,1.00,07/06/2025 03:10:15 PM
31,1.00,07/06/2025 03:01:03 PM
31,1.00,07/06/2025 02:50:15 PM
14,1.00,07/06/2025 02:40:02 PM
29,1.00,07/06/2025 02:30:48 PM
15,1.00,07/06/2025 02:20:34 PM
35,1.00,07/06/2025 02:10:15 PM
-1,1.00,07/06/2025 02:01:03 PM
22,1.00,07/06/2025 01:50:15 PM
33,1.00,07/06/2025 01:40:01 PM
36,1.00,07/06/2025 01:30:48 PM
16,1.00,07/06/2025 01:20:34 PM
35,1.00,07/06/2025 01:10:15 PM
14,1.00,07/06/2025 01:01:03 PM
40,1.00,07/06/2025 12:50:15 PM
-1,1.00,07/06/2025 12:40:01 PM
18,1.00,07/06/2025 12:30:48 PM
31,1.00,07/06/2025 12:20:33 PM
39,1.00,07/06/2025 12:10:15 PM
39,1.00,07/06/2025 12:01:03 PM
19,1.00,07/06/2025 11:50:15 AM
41,1.00,07/06/2025 11:40:01 AM
16,1.00,07/06/2025 11:30:48 AM
22,1.00,07/06/2025 11:20:33 AM
-1,1.00,07/06/2025 11:10:15 AM
32,1.00,07/06/2025 11:01:02 AM
41,1.00,07/06/2025 10:50:15 AM
34,1.00,07/06/2025 10:40:01 AM
27,1.00,07/06/2025 10:30:48 AM
36,1.00,07/06/2025 10:20:33 AM
35,1.00,07/06/2025 10:10:15 AM
-1,1.00,07/06/2025 10:01:03 AM
35,1.00,07/06/2025 09:50:15 AM
-1,1.00,07/06/2025 09:40:01 AM
20,1.00,07/06/2025 09:30:48 AM
-1,1.00,07/06/2025 09:20:33 AM
35,1.00,07/06/2025 09:10:15 AM
34,1.00,07/06/2025 09:01:03 AM
16,1.00,07/06/2025 08:50:15 AM
29,1.00,07/06/2025 08:40:01 AM
18,1.00,07/06/2025 08:30:48 AM
20,1.00,07/06/2025 08:20:33 AM
-1,1.00,07/06/2025 08:10:15 AM
31,1.00,07/06/2025 08:01:03 AM
36,1.00,07/06/2025 07:50:15 AM
-1,1.00,07/06/2025 07:40:01 AM
-1,1.00,07/06/2025 07:30:48 AM
33,1.00,07/06/2025 07:20:33 AM
17,1.00,07/06/2025 07:10:15 AM
31,1.00,07/06/2025 07:01:03 AM
19,1.00,07/06/2025 06:50:15 AM
-1,1.00,07/06/2025 06:40:00 AM
33,1.00,07/06/2025 06:30:48 AM
-1,1.00,07/06/2025 06:20:33 AM
31,1.00,07/06/2025 06:10:15 AM
-1,1.00,07/06/2025 06:01:03 AM
35,1.00,07/06/2025 05:50:15 AM
-1,1.00,07/06/2025 05:40:00 AM
41,1.00,07/06/2025 05:30:48 AM
17,1.00,07/06/2025 05:20:32 AM
16,1.00,07/06/2025 05:10:15 AM
31,1.00,07/06/2025 05:01:02 AM
-1,1.00,07/06/2025 04:50:15 AM
18,1.00,07/06/2025 04:40:00 AM
36,1.00,07/06/2025 04:30:47 AM
-1,1.00,07/06/2025 04:20:32 AM
-1,1.00,07/06/2025 04:10:14 AM
16,1.00,07/06/2025 04:01:02 AM
37,1.00,07/06/2025 03:50:14 AM
41,1.00,07/06/2025 03:40:00 AM
-1,1.00,07/06/2025 03:30:47 AM
-1,1.00,07/06/2025 03:20:32 AM
24,1.00,07/06/2025 03:10:14 AM
33,1.00,07/06/2025 03:01:02 AM
-1,1.00,07/06/2025 02:50:14 AM
23,1.00,07/06/2025 02:40:01 AM
-1,1.00,07/06/2025 02:30:47 AM
25,1.00,07/06/2025 02:20:33 AM
-1,1.00,07/06/2025 02:10:14 AM
39,1.00,07/06/2025 02:01:02 AM
17,1.00,07/06/2025 01:50:14 AM
-1,1.00,07/06/2025 01:40:01 AM
37,1.00,07/06/2025 01:30:47 AM
-1,1.00,07/06/2025 01:20:33 AM
34,1.00,07/06/2025 01:10:14 AM
-1,1.00,07/06/2025 01:01:02 AM
31,1.00,07/06/2025 12:50:14 AM
-1,1.00,07/06/2025 12:40:01 AM
15,1.00,07/06/2025 12:30:47 AM
-1,1.00,07/06/2025 12:20:33 AM
23,1.00,07/06/2025 12:10:15 AM
31,1.00,07/06/2025 12:01:03 AM
-1,1.00,07/05/2025 11:50:15 PM
23,1.00,07/05/2025 11:40:01 PM
-1,1.00,07/05/2025 11:30:47 PM
33,1.00,07/05/2025 11:20:33 PM
17,1.00,07/05/2025 11:10:15 PM
30,1.00,07/05/2025 11:01:02 PM
-1,1.00,07/05/2025 10:50:15 PM
-1,1.00,07/05/2025 10:40:01 PM
40,1.00,07/05/2025 10:30:48 PM
-1,1.00,07/05/2025 10:20:33 PM
26,1.00,07/05/2025 10:10:15 PM
31,1.00,07/05/2025 10:01:03 PM
17,1.00,07/05/2025 09:50:15 PM
17,1.00,07/05/2025 09:40:01 PM
-1,1.00,07/05/2025 09:30:48 PM
-1,1.00,07/05/2025 09:20:33 PM
-1,1.00,07/05/2025 09:10:15 PM
41,1.00,07/05/2025 09:01:03 PM
39,1.00,07/05/2025 08:50:15 PM
17,1.00,07/05/2025 08:40:01 PM
35,1.00,07/05/2025 08:30:48 PM
32,1.00,07/05/2025 08:20:33 PM
-1,1.00,07/05/2025 08:10:16 PM
16,1.00,07/05/2025 08:01:03 PM
18,1.00,07/05/2025 07:50:16 PM
14,1.00,07/05/2025 07:40:01 PM
30,1.00,07/05/2025 07:30:48 PM
30,1.00,07/05/2025 07:20:33 PM
33,1.00,07/05/2025 07:10:16 PM
31,1.00,07/05/2025 07:01:03 PM
38,1.00,07/05/2025 06:50:16 PM
-1,1.00,07/05/2025 06:40:01 PM
37,1.00,07/05/2025 06:30:48 PM
29,1.00,07/05/2025 06:20:33 PM
41,1.00,07/05/2025 06:10:16 PM
-1,1.00,07/05/2025 06:01:03 PM
-1,1.00,07/05/2025 05:50:16 PM
31,1.00,07/05/2025 05:40:01 PM
-1,1.00,07/05/2025 05:30:48 PM
41,1.00,07/05/2025 05:20:33 PM
-1,1.00,07/05/2025 05:10:16 PM
32,1.00,07/05/2025 05:01:03 PM
33,1.00,07/05/2025 04:50:16 PM
32,1.00,07/05/2025 04:40:01 PM
30,1.00,07/05/2025 04:30:49 PM
40,1.00,07/05/2025 04:20:33 PM
31,1.00,07/05/2025 04:10:15 PM
23,1.00,07/05/2025 04:01:03 PM
28,1.00,07/05/2025 03:50:15 PM
23,1.00,07/05/2025 03:40:01 PM
27,1.00,07/05/2025 03:30:48 PM
36,1.00,07/05/2025 03:20:34 PM
36,1.00,07/05/2025 03:10:16 PM
33,1.00,07/05/2025 03:01:03 PM
16,1.00,07/05/2025 02:50:15 PM
30,1.00,07/05/2025 02:40:02 PM
-1,1.00,07/05/2025 02:30:48 PM
-1,1.00,07/05/2025 02:20:34 PM
34,1.00,07/05/2025 02:10:15 PM
33,1.00,07/05/2025 02:01:03 PM
27,1.00,07/05/2025 01:50:15 PM
31,1.00,07/05/2025 01:40:02 PM
31,1.00,07/05/2025 01:30:48 PM
38,1.00,07/05/2025 01:20:34 PM
31,1.00,07/05/2025 01:10:15 PM
27,1.00,07/05/2025 01:01:03 PM
-1,1.00,07/05/2025 12:50:15 PM
33,1.00,07/05/2025 12:40:02 PM
35,1.00,07/05/2025 12:30:48 PM
31,1.00,07/05/2025 12:20:34 PM
31,1.00,07/05/2025 12:10:15 PM
-1,1.00,07/05/2025 12:01:03 PM
31,1.00,07/05/2025 11:50:15 AM
41,1.00,07/05/2025 11:40:01 AM
31,1.00,07/05/2025 11:30:48 AM
20,1.00,07/05/2025 11:20:34 AM
34,1.00,07/05/2025 11:10:15 AM
39,1.00,07/05/2025 11:01:03 AM
32,1.00,07/05/2025 10:50:15 AM
31,1.00,07/05/2025 10:40:01 AM
16,1.00,07/05/2025 10:30:48 AM
16,1.00,07/05/2025 10:20:34 AM
16,1.00,07/05/2025 10:10:15 AM
25,1.00,07/05/2025 10:01:03 AM
40,1.00,07/05/2025 09:50:15 AM
-1,1.00,07/05/2025 09:40:01 AM
33,1.00,07/05/2025 09:30:48 AM
41,1.00,07/05/2025 09:20:33 AM
32,1.00,07/05/2025 09:10:15 AM
31,1.00,07/05/2025 09:01:03 AM
22,1.00,07/05/2025 08:50:15 AM
27,1.00,07/05/2025 08:40:01 AM
16,1.00,07/05/2025 08:30:48 AM
16,1.00,07/05/2025 08:20:33 AM
26,1.00,07/05/2025 08:10:15 AM
-1,1.00,07/05/2025 08:01:03 AM
-1,1.00,07/05/2025 07:50:14 AM
18,1.00,07/05/2025 07:40:01 AM
28,1.00,07/05/2025 07:30:48 AM
-1,1.00,07/05/2025 07:20:33 AM
-1,1.00,07/05/2025 07:10:14 AM
31,1.00,07/05/2025 07:01:03 AM
35,1.00,07/05/2025 06:50:14 AM
17,1.00,07/05/2025 06:40:01 AM
41,1.00,07/05/2025 06:30:48 AM
16,1.00,07/05/2025 06:20:33 AM
-1,1.00,07/05/2025 06:10:15 AM
41,1.00,07/05/2025 06:01:05 AM
-1,1.00,07/05/2025 05:50:15 AM
41,1.00,07/05/2025 05:40:00 AM
37,1.00,07/05/2025 05:30:48 AM
16,1.00,07/05/2025 05:20:32 AM
15,1.00,07/05/2025 05:10:15 AM
-1,1.00,07/05/2025 05:01:03 AM
-1,1.00,07/05/2025 04:50:15 AM
-1,1.00,07/05/2025 04:40:00 AM
37,1.00,07/05/2025 04:30:48 AM
-1,1.00,07/05/2025 04:20:32 AM
-1,1.00,07/05/2025 04:10:15 AM
33,1.00,07/05/2025 04:01:02 AM
-1,1.00,07/05/2025 03:50:15 AM
-1,1.00,07/05/2025 03:40:00 AM
41,1.00,07/05/2025 03:30:47 AM
-1,1.00,07/05/2025 03:20:32 AM
-1,1.00,07/05/2025 03:10:15 AM
31,1.00,07/05/2025 03:01:02 AM
-1,1.00,07/05/2025 02:50:15 AM
-1,1.00,07/05/2025 02:40:00 AM
33,1.00,07/05/2025 02:30:47 AM
17,1.00,07/05/2025 02:20:32 AM
-1,1.00,07/05/2025 02:10:15 AM
-1,1.00,07/05/2025 02:01:02 AM
-1,1.00,07/05/2025 01:50:14 AM
21,1.00,07/05/2025 01:40:00 AM
18,1.00,07/05/2025 01:30:47 AM
-1,1.00,07/05/2025 01:20:33 AM
35,1.00,07/05/2025 01:10:15 AM
-1,1.00,07/05/2025 01:01:02 AM
-1,1.00,07/05/2025 12:50:15 AM
-1,1.00,07/05/2025 12:40:01 AM
41,1.00,07/05/2025 12:30:47 AM
31,1.00,07/05/2025 12:20:33 AM
-1,1.00,07/05/2025 12:10:14 AM
34,1.00,07/05/2025 12:01:03 AM
18,1.00,07/04/2025 11:50:15 PM
-1,1.00,07/04/2025 11:40:01 PM
-1,1.00,07/04/2025 11:30:47 PM
31,1.00,07/04/2025 11:20:33 PM
41,1.00,07/04/2025 11:10:15 PM
-1,1.00,07/04/2025 11:01:03 PM
33,1.00,07/04/2025 10:50:15 PM
-1,1.00,07/04/2025 10:40:01 PM
-1,1.00,07/04/2025 10:30:47 PM
32,1.00,07/04/2025 10:20:33 PM
-1,1.00,07/04/2025 10:10:15 PM
-1,1.00,07/04/2025 10:01:03 PM
36,1.00,07/04/2025 09:50:15 PM
-1,1.00,07/04/2025 09:40:01 PM
35,1.00,07/04/2025 09:30:47 PM
16,1.00,07/04/2025 09:20:33 PM
-1,1.00,07/04/2025 09:10:15 PM
-1,1.00,07/04/2025 09:01:03 PM
30,1.00,07/04/2025 08:50:15 PM
34,1.00,07/04/2025 08:40:01 PM
-1,1.00,07/04/2025 08:30:48 PM
22,1.00,07/04/2025 08:20:33 PM
41,1.00,07/04/2025 08:10:15 PM
-1,1.00,07/04/2025 08:01:03 PM
41,1.00,07/04/2025 07:50:15 PM
37,1.00,07/04/2025 07:40:01 PM
16,1.00,07/04/2025 07:30:48 PM
16,1.00,07/04/2025 07:20:33 PM
-1,1.00,07/04/2025 07:10:15 PM
18,1.00,07/04/2025 07:01:03 PM
41,1.00,07/04/2025 06:50:15 PM
-1,1.00,07/04/2025 06:40:01 PM
34,1.00,07/04/2025 06:30:48 PM
36,1.00,07/04/2025 06:20:33 PM
32,1.00,07/04/2025 06:10:15 PM
38,1.00,07/04/2025 06:01:03 PM
26,1.00,07/04/2025 05:50:15 PM
41,1.00,07/04/2025 05:40:01 PM
18,1.00,07/04/2025 05:30:48 PM
41,1.00,07/04/2025 05:20:33 PM
-1,1.00,07/04/2025 05:10:16 PM
38,1.00,07/04/2025 05:01:03 PM
31,1.00,07/04/2025 04:50:15 PM
40,1.00,07/04/2025 04:40:01 PM
-1,1.00,07/04/2025 04:30:48 PM
20,1.00,07/04/2025 04:20:33 PM
38,1.00,07/04/2025 04:10:15 PM
-1,1.00,07/04/2025 04:01:03 PM
31,1.00,07/04/2025 03:50:16 PM
38,1.00,07/04/2025 03:40:01 PM
31,1.00,07/04/2025 03:30:48 PM
30,1.00,07/04/2025 03:20:33 PM
17,1.00,07/04/2025 03:10:15 PM
38,1.00,07/04/2025 03:01:04 PM
18,1.00,07/04/2025 02:50:16 PM
35,1.00,07/04/2025 02:40:01 PM
41,1.00,07/04/2025 02:30:48 PM
-1,1.00,07/04/2025 02:20:33 PM
33,1.00,07/04/2025 02:10:15 PM
25,1.00,07/04/2025 02:01:03 PM
16,1.00,07/04/2025 01:50:15 PM
17,1.00,07/04/2025 01:40:01 PM
16,1.00,07/04/2025 01:30:48 PM
38,1.00,07/04/2025 01:20:33 PM
36,1.00,07/04/2025 01:10:15 PM
-1,1.00,07/04/2025 01:01:03 PM
25,1.00,07/04/2025 12:50:15 PM
18,1.00,07/04/2025 12:40:01 PM
28,1.00,07/04/2025 12:30:48 PM
35,1.00,07/04/2025 12:20:33 PM
-1,1.00,07/04/2025 12:10:15 PM
34,1.00,07/04/2025 12:01:03 PM
34,1.00,07/04/2025 11:50:15 AM
31,1.00,07/04/2025 11:40:01 AM
-1,1.00,07/04/2025 11:30:48 AM
22,1.00,07/04/2025 11:20:34 AM
34,1.00,07/04/2025 11:10:15 AM
28,1.00,07/04/2025 11:01:03 AM
31,1.00,07/04/2025 10:50:15 AM
25,1.00,07/04/2025 10:40:01 AM
26,1.00,07/04/2025 10:30:48 AM
29,1.00,07/04/2025 10:20:34 AM
29,1.00,07/04/2025 10:10:15 AM
-1,1.00,07/04/2025 10:01:03 AM
31,1.00,07/04/2025 09:50:15 AM
31,1.00,07/04/2025 09:40:01 AM
16,1.00,07/04/2025 09:30:48 AM
41,1.00,07/04/2025 09:20:33 AM
31,1.00,07/04/2025 09:10:15 AM
-1,1.00,07/04/2025 09:01:03 AM
-1,1.00,07/04/2025 08:50:15 AM
34,1.00,07/04/2025 08:40:01 AM
31,1.00,07/04/2025 08:30:48 AM
16,1.00,07/04/2025 08:20:33 AM
31,1.00,07/04/2025 08:10:15 AM
34,1.00,07/04/2025 08:01:03 AM
38,1.00,07/04/2025 07:50:15 AM
-1,1.00,07/04/2025 07:40:01 AM
-1,1.00,07/04/2025 07:30:47 AM
29,1.00,07/04/2025 07:20:33 AM
41,1.00,07/04/2025 07:10:14 AM
-1,1.00,07/04/2025 07:01:03 AM
33,1.00,07/04/2025 06:50:15 AM
-1,1.00,07/04/2025 06:40:01 AM
37,1.00,07/04/2025 06:30:47 AM
-1,1.00,07/04/2025 06:20:33 AM
32,1.00,07/04/2025 06:10:14 AM
-1,1.00,07/04/2025 06:01:02 AM
33,1.00,07/04/2025 05:50:14 AM
25,1.00,07/04/2025 05:40:01 AM
-1,1.00,07/04/2025 05:30:47 AM
31,1.00,07/04/2025 05:20:33 AM
32,1.00,07/04/2025 05:10:14 AM
41,1.00,07/04/2025 05:01:02 AM
-1,1.00,07/04/2025 04:50:14 AM
-1,1.00,07/04/2025 04:40:00 AM
17,1.00,07/04/2025 04:30:47 AM
-1,1.00,07/04/2025 04:20:32 AM
-1,1.00,07/04/2025 04:10:14 AM
16,1.00,07/04/2025 04:01:02 AM
-1,1.00,07/04/2025 03:50:14 AM
-1,1.00,07/04/2025 03:40:00 AM
13,1.00,07/04/2025 03:30:47 AM
-1,1.00,07/04/2025 03:20:32 AM
-1,1.00,07/04/2025 03:10:14 AM
16,1.00,07/04/2025 03:01:02 AM
-1,1.00,07/04/2025 02:50:14 AM
18,1.00,07/04/2025 02:40:00 AM
33,1.00,07/04/2025 02:30:47 AM
20,1.00,07/04/2025 02:20:32 AM
-1,1.00,07/04/2025 02:10:15 AM
32,1.00,07/04/2025 02:01:02 AM
-1,1.00,07/04/2025 01:50:14 AM
33,1.00,07/04/2025 01:40:00 AM
-1,1.00,07/04/2025 01:30:48 AM
-1,1.00,07/04/2025 01:20:32 AM
-1,1.00,07/04/2025 01:10:15 AM
37,1.00,07/04/2025 01:01:02 AM
35,1.00,07/04/2025 12:50:14 AM
-1,1.00,07/04/2025 12:40:00 AM
17,1.00,07/04/2025 12:30:48 AM
41,1.00,07/04/2025 12:20:32 AM
16,1.00,07/04/2025 12:10:15 AM
31,1.00,07/04/2025 12:01:02 AM
41,1.00,07/03/2025 11:50:14 PM
-1,1.00,07/03/2025 11:40:01 PM
24,1.00,07/03/2025 11:30:48 PM
-1,1.00,07/03/2025 11:20:33 PM
-1,1.00,07/03/2025 11:10:15 PM
-1,1.00,07/03/2025 11:01:02 PM
-1,1.00,07/03/2025 10:50:14 PM
29,1.00,07/03/2025 10:40:01 PM
-1,1.00,07/03/2025 10:30:48 PM
-1,1.00,07/03/2025 10:20:33 PM
-1,1.00,07/03/2025 10:10:15 PM
18,1.00,07/03/2025 10:01:03 PM
-1,1.00,07/03/2025 09:50:14 PM
17,1.00,07/03/2025 09:40:01 PM
36,1.00,07/03/2025 09:30:48 PM
33,1.00,07/03/2025 09:20:33 PM
18,1.00,07/03/2025 09:10:15 PM
18,1.00,07/03/2025 09:01:03 PM
25,1.00,07/03/2025 08:50:16 PM
32,1.00,07/03/2025 08:40:01 PM
29,1.00,07/03/2025 08:30:48 PM
33,1.00,07/03/2025 08:20:33 PM
36,1.00,07/03/2025 08:10:16 PM
39,1.00,07/03/2025 08:01:04 PM
31,1.00,07/03/2025 07:50:16 PM
41,1.00,07/03/2025 07:40:01 PM
38,1.00,07/03/2025 07:30:49 PM
38,1.00,07/03/2025 07:20:33 PM
38,1.00,07/03/2025 07:10:16 PM
41,1.00,07/03/2025 07:01:04 PM
-1,1.00,07/03/2025 06:50:16 PM
38,1.00,07/03/2025 06:40:01 PM
31,1.00,07/03/2025 06:30:49 PM
41,1.00,07/03/2025 06:20:35 PM
-1,1.00,07/03/2025 06:10:16 PM
40,1.00,07/03/2025 06:01:04 PM
31,1.00,07/03/2025 05:50:16 PM
35,1.00,07/03/2025 05:40:02 PM
10,1.00,07/03/2025 05:30:49 PM
38,1.00,07/03/2025 05:20:34 PM
23,1.00,07/03/2025 05:10:16 PM
29,1.00,07/03/2025 05:01:04 PM
23,1.00,07/03/2025 04:50:16 PM
36,1.00,07/03/2025 04:40:02 PM
-1,1.00,07/03/2025 04:30:49 PM
23,1.00,07/03/2025 04:20:35 PM
41,1.00,07/03/2025 04:10:16 PM
16,1.00,07/03/2025 04:01:04 PM
35,1.00,07/03/2025 03:50:16 PM
29,1.00,07/03/2025 03:40:02 PM
13,1.00,07/03/2025 03:30:49 PM
29,1.00,07/03/2025 03:20:34 PM
18,1.00,07/03/2025 03:10:18 PM
-1,1.00,07/03/2025 03:01:04 PM
35,1.00,07/03/2025 02:50:16 PM
17,1.00,07/03/2025 02:40:02 PM
29,1.00,07/03/2025 02:30:48 PM
31,1.00,07/03/2025 02:20:34 PM
33,1.00,07/03/2025 02:10:15 PM
33,1.00,07/03/2025 02:01:04 PM
37,1.00,07/03/2025 01:50:15 PM
-1,1.00,07/03/2025 01:40:01 PM
-1,1.00,07/03/2025 01:30:48 PM
16,1.00,07/03/2025 01:20:34 PM
-1,1.00,07/03/2025 01:10:15 PM
18,1.00,07/03/2025 01:01:03 PM
31,1.00,07/03/2025 12:50:15 PM
-1,1.00,07/03/2025 12:40:01 PM
17,1.00,07/03/2025 12:30:48 PM
18,1.00,07/03/2025 12:20:34 PM
37,1.00,07/03/2025 12:10:15 PM
34,1.00,07/03/2025 12:01:03 PM
18,1.00,07/03/2025 11:50:15 AM
35,1.00,07/03/2025 11:40:01 AM
34,1.00,07/03/2025 11:30:48 AM
38,1.00,07/03/2025 11:20:34 AM
33,1.00,07/03/2025 11:10:15 AM
17,1.00,07/03/2025 11:01:03 AM
36,1.00,07/03/2025 10:50:15 AM
32,1.00,07/03/2025 10:40:02 AM
16,1.00,07/03/2025 10:30:48 AM
37,1.00,07/03/2025 10:20:34 AM
27,1.00,07/03/2025 10:10:15 AM
33,1.00,07/03/2025 10:01:03 AM
41,1.00,07/03/2025 09:50:16 AM
29,1.00,07/03/2025 09:40:02 AM
32,1.00,07/03/2025 09:30:48 AM
34,1.00,07/03/2025 09:20:34 AM
30,1.00,07/03/2025 09:10:15 AM
17,1.00,07/03/2025 09:01:04 AM
31,1.00,07/03/2025 08:50:16 AM
29,1.00,07/03/2025 08:40:02 AM
37,1.00,07/03/2025 08:30:49 AM
28,1.00,07/03/2025 08:20:35 AM
16,1.00,07/03/2025 08:10:16 AM
25,1.00,07/03/2025 08:01:04 AM
25,1.00,07/03/2025 07:50:16 AM
29,1.00,07/03/2025 07:40:02 AM
31,1.00,07/03/2025 07:30:48 AM
31,1.00,07/03/2025 07:20:34 AM
32,1.00,07/03/2025 07:10:15 AM
27,1.00,07/03/2025 07:01:04 AM
26,1.00,07/03/2025 06:50:15 AM
23,1.00,07/03/2025 06:40:01 AM
-1,1.00,07/03/2025 06:30:48 AM
16,1.00,07/03/2025 06:20:33 AM
-1,1.00,07/03/2025 06:10:15 AM
31,1.00,07/03/2025 06:01:03 AM
28,1.00,07/03/2025 05:50:15 AM
38,1.00,07/03/2025 05:40:00 AM
-1,1.00,07/03/2025 05:30:47 AM
27,1.00,07/03/2025 05:20:33 AM
-1,1.00,07/03/2025 05:10:14 AM
39,1.00,07/03/2025 05:01:02 AM
-1,1.00,07/03/2025 04:50:14 AM
-1,1.00,07/03/2025 04:40:01 AM
27,1.00,07/03/2025 04:30:48 AM
-1,1.00,07/03/2025 04:20:32 AM
31,1.00,07/03/2025 04:10:15 AM
35,1.00,07/03/2025 04:01:02 AM
-1,1.00,07/03/2025 03:50:14 AM
-1,1.00,07/03/2025 03:40:01 AM
15,1.00,07/03/2025 03:30:48 AM
-1,1.00,07/03/2025 03:20:32 AM
-1,1.00,07/03/2025 03:10:15 AM
35,1.00,07/03/2025 03:01:03 AM
-1,1.00,07/03/2025 02:50:14 AM
18,1.00,07/03/2025 02:40:01 AM
-1,1.00,07/03/2025 02:30:48 AM
31,1.00,07/03/2025 02:20:32 AM
-1,1.00,07/03/2025 02:10:15 AM
24,1.00,07/03/2025 02:01:03 AM
-1,1.00,07/03/2025 01:50:15 AM
-1,1.00,07/03/2025 01:40:01 AM
32,1.00,07/03/2025 01:30:48 AM
-1,1.00,07/03/2025 01:20:32 AM
41,1.00,07/03/2025 01:10:15 AM
-1,1.00,07/03/2025 01:01:03 AM
40,1.00,07/03/2025 12:50:15 AM
-1,1.00,07/03/2025 12:40:01 AM
16,1.00,07/03/2025 12:30:48 AM
-1,1.00,07/03/2025 12:20:32 AM
33,1.00,07/03/2025 12:10:15 AM
26,1.00,07/03/2025 12:01:03 AM
-1,1.00,07/02/2025 11:50:15 PM
38,1.00,07/02/2025 11:40:01 PM
-1,1.00,07/02/2025 11:30:48 PM
31,1.00,07/02/2025 11:20:32 PM
-1,1.00,07/02/2025 11:10:15 PM
16,1.00,07/02/2025 11:01:03 PM
-1,1.00,07/02/2025 10:50:15 PM
36,1.00,07/02/2025 10:40:01 PM
31,1.00,07/02/2025 10:30:48 PM
27,1.00,07/02/2025 10:20:34 PM
-1,1.00,07/02/2025 10:10:15 PM
40,1.00,07/02/2025 10:01:03 PM
29,1.00,07/02/2025 09:50:15 PM
30,1.00,07/02/2025 09:40:01 PM
-1,1.00,07/02/2025 09:30:48 PM
28,1.00,07/02/2025 09:20:34 PM
37,1.00,07/02/2025 09:10:15 PM
29,1.00,07/02/2025 09:01:03 PM
23,1.00,07/02/2025 08:50:15 PM
31,1.00,07/02/2025 08:40:01 PM
16,1.00,07/02/2025 08:30:48 PM
24,1.00,07/02/2025 08:20:34 PM
33,1.00,07/02/2025 08:10:15 PM
35,1.00,07/02/2025 08:01:03 PM
35,1.00,07/02/2025 07:50:15 PM
31,1.00,07/02/2025 07:40:02 PM
37,1.00,07/02/2025 07:30:48 PM
32,1.00,07/02/2025 07:20:34 PM
33,1.00,07/02/2025 07:10:15 PM
20,1.00,07/02/2025 07:01:03 PM
31,1.00,07/02/2025 06:50:16 PM
29,1.00,07/02/2025 06:40:02 PM
35,1.00,07/02/2025 06:30:49 PM
-1,1.00,07/02/2025 06:20:34 PM
38,1.00,07/02/2025 06:10:16 PM
31,1.00,07/02/2025 06:01:04 PM
33,1.00,07/02/2025 05:50:16 PM
37,1.00,07/02/2025 05:40:02 PM
20,1.00,07/02/2025 05:30:49 PM
35,1.00,07/02/2025 05:20:34 PM
28,1.00,07/02/2025 05:10:16 PM
37,1.00,07/02/2025 05:01:04 PM
22,1.00,07/02/2025 04:50:16 PM
38,1.00,07/02/2025 04:40:02 PM
34,1.00,07/02/2025 04:30:49 PM
34,1.00,07/02/2025 04:20:35 PM
35,1.00,07/02/2025 04:10:16 PM
34,1.00,07/02/2025 04:01:04 PM
20,1.00,07/02/2025 03:50:16 PM
19,1.00,07/02/2025 03:40:02 PM
37,1.00,07/02/2025 03:30:48 PM
32,1.00,07/02/2025 03:20:35 PM
33,1.00,07/02/2025 03:10:15 PM
35,1.00,07/02/2025 03:01:04 PM
35,1.00,07/02/2025 02:50:16 PM
38,1.00,07/02/2025 02:40:02 PM
36,1.00,07/02/2025 02:30:48 PM
-1,1.00,07/02/2025 02:20:35 PM
34,1.00,07/02/2025 02:10:15 PM
-1,1.00,07/02/2025 02:01:04 PM
33,1.00,07/02/2025 01:50:15 PM
33,1.00,07/02/2025 01:40:01 PM
-1,1.00,07/02/2025 01:30:48 PM
31,1.00,07/02/2025 01:20:34 PM
28,1.00,07/02/2025 01:10:15 PM
34,1.00,07/02/2025 01:01:03 PM
17,1.00,07/02/2025 12:50:15 PM
29,1.00,07/02/2025 12:40:01 PM
31,1.00,07/02/2025 12:30:48 PM
16,1.00,07/02/2025 12:20:34 PM
18,1.00,07/02/2025 12:10:16 PM
32,1.00,07/02/2025 12:01:04 PM
38,1.00,07/02/2025 11:50:15 AM
35,1.00,07/02/2025 11:40:02 AM
36,1.00,07/02/2025 11:30:49 AM
31,1.00,07/02/2025 11:20:33 AM
31,1.00,07/02/2025 11:10:16 AM
22,1.00,07/02/2025 11:01:04 AM
37,1.00,07/02/2025 10:50:15 AM
16,1.00,07/02/2025 10:40:02 AM
28,1.00,07/02/2025 10:30:49 AM
-1,1.00,07/02/2025 10:20:34 AM
31,1.00,07/02/2025 10:10:16 AM
38,1.00,07/02/2025 10:01:04 AM
25,1.00,07/02/2025 09:50:15 AM
36,1.00,07/02/2025 09:40:02 AM
31,1.00,07/02/2025 09:30:49 AM
39,1.00,07/02/2025 09:20:34 AM
38,1.00,07/02/2025 09:10:16 AM
38,1.00,07/02/2025 09:01:04 AM
17,1.00,07/02/2025 08:50:16 AM
29,1.00,07/02/2025 08:40:02 AM
36,1.00,07/02/2025 08:30:49 AM
36,1.00,07/02/2025 08:20:34 AM
16,1.00,07/02/2025 08:10:16 AM
33,1.00,07/02/2025 08:01:04 AM
39,1.00,07/02/2025 07:50:16 AM
30,1.00,07/02/2025 07:40:02 AM
33,1.00,07/02/2025 07:30:49 AM
31,1.00,07/02/2025 07:20:34 AM
35,1.00,07/02/2025 07:10:16 AM
-1,1.00,07/02/2025 07:01:04 AM
18,1.00,07/02/2025 06:50:16 AM
16,1.00,07/02/2025 06:40:02 AM
-1,1.00,07/02/2025 06:30:49 AM
17,1.00,07/02/2025 06:20:33 AM
-1,1.00,07/02/2025 06:10:15 AM
20,1.00,07/02/2025 06:01:03 AM
-1,1.00,07/02/2025 05:50:15 AM
41,1.00,07/02/2025 05:40:01 AM
-1,1.00,07/02/2025 05:30:48 AM
28,1.00,07/02/2025 05:20:34 AM
-1,1.00,07/02/2025 05:10:15 AM
16,1.00,07/02/2025 05:01:03 AM
-1,1.00,07/02/2025 04:50:15 AM
-1,1.00,07/02/2025 04:40:01 AM
23,1.00,07/02/2025 04:30:47 AM
-1,1.00,07/02/2025 04:20:33 AM
-1,1.00,07/02/2025 04:10:14 AM
38,1.00,07/02/2025 04:01:02 AM
-1,1.00,07/02/2025 03:50:14 AM
-1,1.00,07/02/2025 03:40:00 AM
28,1.00,07/02/2025 03:30:47 AM
-1,1.00,07/02/2025 03:20:33 AM
-1,1.00,07/02/2025 03:10:14 AM
17,1.00,07/02/2025 03:01:02 AM
-1,1.00,07/02/2025 02:50:14 AM
16,1.00,07/02/2025 02:40:00 AM
-1,1.00,07/02/2025 02:30:47 AM
14,1.00,07/02/2025 02:20:32 AM
-1,1.00,07/02/2025 02:10:14 AM
-1,1.00,07/02/2025 02:01:02 AM
31,1.00,07/02/2025 01:50:14 AM
28,1.00,07/02/2025 01:40:00 AM
16,1.00,07/02/2025 01:30:47 AM
29,1.00,07/02/2025 01:20:33 AM
35,1.00,07/02/2025 01:10:14 AM
-1,1.00,07/02/2025 01:01:02 AM
-1,1.00,07/02/2025 12:50:14 AM
-1,1.00,07/02/2025 12:40:00 AM
35,1.00,07/02/2025 12:30:47 AM
32,1.00,07/02/2025 12:20:33 AM
38,1.00,07/02/2025 12:10:14 AM
41,1.00,07/02/2025 12:01:03 AM
-1,1.00,07/01/2025 11:50:14 PM
-1,1.00,07/01/2025 11:40:01 PM
41,1.00,07/01/2025 11:30:47 PM
-1,1.00,07/01/2025 11:20:33 PM
41,1.00,07/01/2025 11:10:15 PM
-1,1.00,07/01/2025 11:01:03 PM
14,1.00,07/01/2025 10:50:15 PM
-1,1.00,07/01/2025 10:40:01 PM
18,1.00,07/01/2025 10:30:48 PM
18,1.00,07/01/2025 10:20:33 PM
20,1.00,07/01/2025 10:10:16 PM
41,1.00,07/01/2025 10:01:03 PM
31,1.00,07/01/2025 09:50:16 PM
18,1.00,07/01/2025 09:40:01 PM
27,1.00,07/01/2025 09:30:49 PM
29,1.00,07/01/2025 09:20:33 PM
-1,1.00,07/01/2025 09:10:15 PM
33,1.00,07/01/2025 09:01:03 PM
